,latitude,longitude,area_in_meters,confidence,geometry,full_plus_code
5965852,-13.56756191,32.86060211,14.45,0.6986,"POLYGON((32.8606102748029 -13.5675863211478, 32.8606206570037 -13.5675437299436, 32.8605939485954 -13.5675374990797, 32.8605835663901 -13.5675800902828, 32.8606102748029 -13.5675863211478))",5GRJCVJ6+X6HF
5983508,-13.56987428,32.86597575,12.6389,0.6373,"POLYGON((32.8659884979762 -13.5698932938536, 32.8659964229382 -13.569863865004, 32.8659630095207 -13.5698552537381, 32.8659550845549 -13.5698846825867, 32.8659884979762 -13.5698932938536))",5GRJCVJ8+3952
5983584,-13.56830293,32.86095914,59.2705,0.8228,"POLYGON((32.8610008509656 -13.5682753841136, 32.8609271044198 -13.568264954403, 32.8609174252404 -13.5683304535155, 32.8609911718059 -13.5683408832292, 32.8610008509656 -13.5682753841136))",5GRJCVJ6+M9GW
5985706,-13.57074049,32.86219166,6.9009,0.6369,"POLYGON((32.8622032143709 -13.5707529201254, 32.8622032287041 -13.5707280731999, 32.8621801208946 -13.5707280604418, 32.862180106559 -13.5707529073673, 32.8622032143709 -13.5707529201254))",5GRJCVH6+PV46
5993384,-13.57056345,32.86294046,5.9106,0.646,"POLYGON((32.8629530900339 -13.5705728845665, 32.8629511710686 -13.5705519800153, 32.8629278350122 -13.5705540301058, 32.8629297539754 -13.5705749346571, 32.8629530900339 -13.5705728845665))",5GRJCVH7+Q5GC
5995072,-13.57080449,32.86481275,48.3373,0.6862,"POLYGON((32.8648519215916 -13.5707818283498, 32.8647848151021 -13.5707693314813, 32.8647735612043 -13.5708271656629, 32.8648406677095 -13.5708396625349, 32.8648519215916 -13.5707818283498))",5GRJCVH7+MWGR
5997459,-13.56904443,32.86252944,47.6786,0.7985,"POLYGON((32.8625622246605 -13.569074621275, 32.8625604711504 -13.5690125076818, 32.8624966552896 -13.5690142318251, 32.8624984087832 -13.5690763454186, 32.8625622246605 -13.569074621275))",5GRJCVJ7+92J9
5997911,-13.57097355,32.86459085,49.7067,0.7765,"POLYGON((32.8646278610286 -13.570946642108, 32.8645675888569 -13.5709346005151, 32.8645538380377 -13.5710004692347, 32.8646141102251 -13.5710125108309, 32.8646278610286 -13.570946642108))",5GRJCVH7+JR85
6002537,-13.56969787,32.86652079,21.5432,0.7631,"POLYGON((32.8665317523832 -13.5697283116717, 32.8665410594299 -13.5696724077751, 32.8665098257989 -13.5696674313761, 32.8665005187452 -13.5697233352714, 32.8665317523832 -13.5697283116717))",5GRJCVJ8+4JC4
6008181,-13.56922465,32.86258038,99.7433,0.6943,"POLYGON((32.8626301449621 -13.5692659675614, 32.8626270191125 -13.5691799854955, 32.8625306250123 -13.5691833392613, 32.862533750827 -13.569269321328, 32.8626301449621 -13.5692659675614))",5GRJCVJ7+8284
6008564,-13.56507932,32.86474293,19.3718,0.6855,"POLYGON((32.8647624125513 -13.5651001515399, 32.8647610921605 -13.5650573759375, 32.8647234482894 -13.5650584880262, 32.8647247686732 -13.5651012636286, 32.8647624125513 -13.5651001515399))",5GRJCVM7+XV9X
6010001,-13.57051808,32.86196917,63.9868,0.8271,"POLYGON((32.8620106398209 -13.5705492249571, 32.8620046683125 -13.5704805391372, 32.8619277164944 -13.5704869417133, 32.861933687981 -13.570555627535, 32.8620106398209 -13.5705492249571))",5GRJCVH6+QQX6
6011837,-13.56807583,32.86112366,9.9702,0.6279,"POLYGON((32.8611386259096 -13.5680897806929, 32.8611359517382 -13.5680595797529, 32.861108689768 -13.568061889979, 32.861111363936 -13.5680920909193, 32.8611386259096 -13.5680897806929))",5GRJCVJ6+QC9X
6013201,-13.56965569,32.86587574,27.4422,0.8,"POLYGON((32.8659030169068 -13.5696355541662, 32.8658539877485 -13.569629902206, 32.8658484552434 -13.5696758325485, 32.8658974844111 -13.5696814845098, 32.8659030169068 -13.5696355541662))",5GRJCVJ8+49JJ
6013592,-13.57013806,32.86449171,12.4165,0.6849,"POLYGON((32.8645065199096 -13.5701557789984, 32.8645052384458 -13.5701193607428, 32.8644769055872 -13.5701203148518, 32.8644781870467 -13.5701567331083, 32.8645065199096 -13.5701557789984))",5GRJCVH7+WQXG
6014500,-13.56829382,32.86216065,43.0164,0.7903,"POLYGON((32.8621991810128 -13.5683144145419, 32.8621684426659 -13.5682515472207, 32.8621221137243 -13.5682732260474, 32.8621528520617 -13.5683360933741, 32.8621991810128 -13.5683144145419))",5GRJCVJ6+MVM6
6020876,-13.57148556,32.86230674,45.9155,0.8341,"POLYGON((32.8623465532343 -13.5715068615482, 32.8623400197553 -13.571455391518, 32.8622669249339 -13.5714642710952, 32.8622734583973 -13.5715157411271, 32.8623465532343 -13.5715068615482))",5GRJCVH6+CW3H
6023407,-13.56776995,32.86052706,11.6421,0.6957,"POLYGON((32.860541509816 -13.5677871002345, 32.8605398314157 -13.5677515588871, 32.8605126362512 -13.5677527879743, 32.8605143146474 -13.5677883293219, 32.860541509816 -13.5677871002345))",5GRJCVJ6+V6R9
6027070,-13.56831118,32.86345715,48.5211,0.6712,"POLYGON((32.8634944203048 -13.5682880295066, 32.8634267365467 -13.5682743002208, 32.8634173706265 -13.5683184892629, 32.8634421400088 -13.5683235136012, 32.863437795452 -13.5683440115174, 32.8634807098431 -13.5683527164684, 32.8634944203048 -13.5682880295066))",5GRJCVJ7+M9GG
6037039,-13.56769177,32.86190381,51.7414,0.7023,"POLYGON((32.8619356378627 -13.5677271230042, 32.8619280566864 -13.5676510705507, 32.8618719861713 -13.567656419735, 32.8618795673279 -13.5677324721902, 32.8619356378627 -13.5677271230042))",5GRJCVJ6+WQC9
6041615,-13.57032036,32.86494677,18.5392,0.7998,"POLYGON((32.8649672046569 -13.5703005300415, 32.8649337785077 -13.5702952352769, 32.8649263357929 -13.5703402020075, 32.8649597619482 -13.5703454967732, 32.8649672046569 -13.5703005300415))",5GRJCVH7+VXG3
6042193,-13.56943402,32.86336266,21.9588,0.7248,"POLYGON((32.8633829219146 -13.5694565817311, 32.8633882835193 -13.5694174634077, 32.863342404594 -13.5694114454127, 32.8633370429819 -13.5694505637352, 32.8633829219146 -13.5694565817311))",5GRJCVJ7+68HP
6043515,-13.57088476,32.862729,32.5703,0.7879,"POLYGON((32.8627545501771 -13.5709117736497, 32.8627507994656 -13.5708547764082, 32.8627034518546 -13.570857758188, 32.8627072025548 -13.5709147554302, 32.8627545501771 -13.5709117736497))",5GRJCVH7+J3XM
6049132,-13.57114985,32.86417318,52.2115,0.7991,"POLYGON((32.8641224366098 -13.5711194907872, 32.8641141963308 -13.5711573616673, 32.8642239308226 -13.5711802122132, 32.864232171085 -13.5711423413294, 32.8641224366098 -13.5711194907872))",5GRJCVH7+GMV4
6053925,-13.57201944,32.86576906,20.8148,0.737,"POLYGON((32.8657993657252 -13.5720163128698, 32.8657568279618 -13.5719921365905, 32.8657387511446 -13.5720225749481, 32.8657812889115 -13.5720467512305, 32.8657993657252 -13.5720163128698))",5GRJCVH8+58R8
6056881,-13.56957158,32.86561742,38.8085,0.7712,"POLYGON((32.8656597309804 -13.569561313299, 32.8655873232273 -13.5695407187151, 32.8655751032791 -13.5695818359972, 32.8656475110431 -13.5696024305847, 32.8656597309804 -13.569561313299))",5GRJCVJ8+56H5
6060023,-13.5701967,32.86562427,34.4023,0.6874,"POLYGON((32.8656604467884 -13.5701834262661, 32.8656037540475 -13.5701646715039, 32.8655880928152 -13.5702099782179, 32.8656447855654 -13.5702287329836, 32.8656604467884 -13.5701834262661))",5GRJCVH8+W6H5
6065075,-13.56769465,32.86015075,23.9016,0.7391,"POLYGON((32.8601779598171 -13.5677148695145, 32.8601821461609 -13.5676814376425, 32.8601235432989 -13.5676744146273, 32.8601193569471 -13.5677078464983, 32.8601779598171 -13.5677148695145))",5GRJCVJ6+W3C9
6065104,-13.57014051,32.86435973,51.454,0.7807,"POLYGON((32.8643996424628 -13.5701644743318, 32.8643867884348 -13.5701031164901, 32.8643198298584 -13.5701165409303, 32.86433268387 -13.5701778987751, 32.8643996424628 -13.5701644743318))",5GRJCVH7+WPX8
6066597,-13.56877702,32.86284939,54.1186,0.8023,"POLYGON((32.8628870243909 -13.5688075339585, 32.8628895602174 -13.5687497727343, 32.8628117507687 -13.5687465035211, 32.8628092149234 -13.5688042647444, 32.8628870243909 -13.5688075339585))",5GRJCVJ7+F4QR
6067296,-13.57030907,32.86479494,17.2786,0.6324,"POLYGON((32.8648314573762 -13.5703045479905, 32.8647617562557 -13.5702935071585, 32.8647584296778 -13.5703136052928, 32.864828130804 -13.5703246461259, 32.8648314573762 -13.5703045479905))",5GRJCVH7+VWFM
6068722,-13.57042933,32.86476334,3.3851,0.6002,"POLYGON((32.8647729830362 -13.5704366418644, 32.8647729913017 -13.5704220407944, 32.8647537023062 -13.5704220303437, 32.8647536940396 -13.5704366314137, 32.8647729830362 -13.5704366418644))",5GRJCVH7+RWCV
6083533,-13.57181003,32.86562163,13.7899,0.6192,"POLYGON((32.8656379921726 -13.5718265783022, 32.8656346603269 -13.5717870983339, 32.8656145272071 -13.5717887243839, 32.8656003964528 -13.5718296147164, 32.8656379921726 -13.5718265783022))",5GRJCVH8+76HH
6089856,-13.56486515,32.86109065,26.6141,0.7658,"POLYGON((32.8611087518975 -13.5648942600823, 32.8611118810893 -13.5648381273311, 32.8610725513416 -13.5648360289795, 32.8610694221405 -13.5648921617299, 32.8611087518975 -13.5648942600823))",5GRJCVP6+3C49
6091330,-13.57044489,32.86606932,17.6234,0.7467,"POLYGON((32.8660901126372 -13.5704625240827, 32.8660901323986 -13.5704272720344, 32.8660485383873 -13.5704272497166, 32.8660485186197 -13.5704625017648, 32.8660901126372 -13.5704625240827))",5GRJCVH8+RCG6
6091815,-13.56994338,32.86087703,19.1709,0.6763,"POLYGON((32.8608983135946 -13.5699637215966, 32.8608879279514 -13.569916296293, 32.860855771479 -13.5699230355711, 32.8608661571161 -13.5699704608759, 32.8608983135946 -13.5699637215966))",5GRJCVJ6+29C6
6093596,-13.57106534,32.86430218,32.2279,0.7726,"POLYGON((32.8643255134292 -13.5710289636522, 32.8642921473359 -13.5710235318829, 32.864278845586 -13.5711017289224, 32.8643122116899 -13.5711071606936, 32.8643255134292 -13.5710289636522))",5GRJCVH7+HPF8
6096193,-13.56903573,32.86258358,25.7317,0.7442,"POLYGON((32.8626066956551 -13.5690589622436, 32.8626053499712 -13.5690112951596, 32.8625604711504 -13.5690125076818, 32.8625618168254 -13.5690601747659, 32.8626066956551 -13.5690589622436))",5GRJCVJ7+92PG
6096380,-13.57066839,32.86554057,62.9265,0.8034,"POLYGON((32.8655857834344 -13.5706438099138, 32.8655156686515 -13.570624025115, 32.8654953430184 -13.5706929603047, 32.865565457819 -13.570712745109, 32.8655857834344 -13.5706438099138))",5GRJCVH8+P6M7
6096800,-13.57014971,32.86504404,90.4127,0.7663,"POLYGON((32.8650794269663 -13.5700877857049, 32.8650219103594 -13.5700821539451, 32.8650086619823 -13.5702116427846, 32.8650661786205 -13.5702172745477, 32.8650794269663 -13.5700877857049))",5GRJCVH8+W2V3
6099896,-13.57109113,32.86508232,27.8285,0.7382,"POLYGON((32.8650969579915 -13.5711216938148, 32.8651117861957 -13.5710735625115, 32.8650676869747 -13.5710605605296, 32.8650528587625 -13.5711086918302, 32.8650969579915 -13.5711216938148))",5GRJCVH8+H288
6101992,-13.57001059,32.86612967,35.9853,0.6989,"POLYGON((32.866158463175 -13.5700364966953, 32.8661557228524 -13.5699820446731, 32.8661008719053 -13.569984686427, 32.866103612215 -13.5700391384497, 32.866158463175 -13.5700364966953))",5GRJCVH8+XFRC
6109258,-13.56863817,32.8625954,41.9182,0.7779,"POLYGON((32.8626292417125 -13.568612194686, 32.8625607126412 -13.5686132705235, 32.8625615472445 -13.5686641495448, 32.8626300763304 -13.5686630737072, 32.8626292417125 -13.568612194686))",5GRJCVJ7+G2XC
6111506,-13.56966278,32.86534692,27.4509,0.805,"POLYGON((32.8653824746498 -13.5696573116739, 32.8653264245507 -13.5696338229207, 32.8653113482291 -13.5696682527255, 32.8653673983343 -13.5696917414816, 32.8653824746498 -13.5696573116739))",5GRJCVJ8+44QC
6123368,-13.56973677,32.86183408,9.6867,0.6621,"POLYGON((32.8618479332156 -13.5697513095962, 32.8618479500237 -13.5697222450943, 32.8618202207695 -13.5697222297461, 32.8618202039581 -13.5697512942479, 32.8618479332156 -13.5697513095962))",5GRJCVJ6+4P4G
6130610,-13.5664826,32.86082886,30.5556,0.77,"POLYGON((32.8608576393082 -13.5664611174521, 32.8608032677643 -13.5664575388753, 32.8608000667998 -13.5665040842051, 32.8608544383542 -13.5665076627828, 32.8608576393082 -13.5664611174521))",5GRJCVM6+C84P
6133320,-13.57183408,32.86456993,25.5231,0.7763,"POLYGON((32.8645846258394 -13.5718640089747, 32.8645938168946 -13.5718104747691, 32.8645552381336 -13.5718041361112, 32.8645460470699 -13.5718576703154, 32.8645846258394 -13.5718640089747))",5GRJCVH7+7R8J
6144367,-13.57004413,32.86304074,104.6694,0.7962,"POLYGON((32.8630931 -13.5700853, 32.8630911 -13.5700006, 32.8629884 -13.5700029, 32.8629904 -13.5700877, 32.8630931 -13.5700853))",5GRJCVH7+X6M7
6146675,-13.57009995,32.86511961,17.0785,0.6214,"POLYGON((32.8651372141993 -13.5701199311345, 32.8651393671229 -13.5700820085737, 32.8651020129751 -13.5700799790616, 32.8650998600458 -13.570117901622, 32.8651372141993 -13.5701199311345))",5GRJCVH8+X295
6147520,-13.57124257,32.86564313,32.4741,0.766,"POLYGON((32.8656771166644 -13.5712133488386, 32.8656480842795 -13.5711985684652, 32.8656091275946 -13.5712717996815, 32.8656381599857 -13.5712865800599, 32.8656771166644 -13.5712133488386))",5GRJCVH8+G728
6148722,-13.56988283,32.86690818,44.7476,0.7955,"POLYGON((32.8669572110515 -13.5698809156509, 32.8668765565544 -13.5698461157144, 32.8668591345638 -13.5698847586231, 32.8669397890709 -13.5699195585653, 32.8669572110515 -13.5698809156509))",5GRJCVJ8+2QVJ
6149481,-13.56818824,32.86096826,13.9313,0.6045,"POLYGON((32.8609858433467 -13.5682051643713, 32.860989165966 -13.5681754076639, 32.8609506732725 -13.5681712942476, 32.8609473506484 -13.5682010509544, 32.8609858433467 -13.5682051643713))",5GRJCVJ6+P9GH
6150728,-13.57041931,32.86210404,27.0444,0.7982,"POLYGON((32.8621313329124 -13.570399118521, 32.8620888565429 -13.5703893157932, 32.8620767557248 -13.5704394963055, 32.8621192321028 -13.5704492990352, 32.8621313329124 -13.570399118521))",5GRJCVH6+RRQ7
6155782,-13.57028112,32.86487574,13.0214,0.6041,"POLYGON((32.8648964147722 -13.5702701259809, 32.8648646578983 -13.5702608146358, 32.8648550674188 -13.5702921176479, 32.8648868242969 -13.5703014289942, 32.8648964147722 -13.5702701259809))",5GRJCVH7+VXJJ
6163845,-13.56973696,32.86597452,16.0007,0.7315,"POLYGON((32.8659891835772 -13.5697582606342, 32.865993794809 -13.5697195330755, 32.8659598799886 -13.569715668434, 32.8659552687514 -13.5697543959921, 32.8659891835772 -13.5697582606342))",5GRJCVJ8+495C
6177164,-13.56962722,32.86496296,11.5735,0.6154,"POLYGON((32.8649808187726 -13.5696434125586, 32.8649866586624 -13.5696217393698, 32.8649451161902 -13.5696110267098, 32.8649392762969 -13.569632699898, 32.8649808187726 -13.5696434125586))",5GRJCVJ7+4XWX
6178820,-13.57021367,32.86403135,13.3038,0.6453,"POLYGON((32.8640487166012 -13.5702297110331, 32.8640453394262 -13.5701947229198, 32.8640139831534 -13.5701976194497, 32.8640173603239 -13.5702326075633, 32.8640487166012 -13.5702297110331))",5GRJCVH7+WJ7C
6179544,-13.56532005,32.8608823,6.8101,0.6002,"POLYGON((32.8608953715702 -13.5653309079169, 32.8608909629326 -13.5653055740091, 32.8608692280136 -13.5653091939301, 32.8608736366489 -13.5653345278383, 32.8608953715702 -13.5653309079169))",5GRJCVM6+V9C2
6183804,-13.57132523,32.86227026,48.8101,0.8278,"POLYGON((32.8623104950562 -13.5713462047525, 32.8622937114535 -13.571286990373, 32.862230025882 -13.5713042652744, 32.86224680947 -13.5713634796574, 32.8623104950562 -13.5713462047525))",5GRJCVH6+FW6W
6184371,-13.56959717,32.86491004,39.954,0.7213,"POLYGON((32.8649542379808 -13.5695842736928, 32.8648729285852 -13.5695703953468, 32.8648658524772 -13.5696100706443, 32.864947161886 -13.5696239489922, 32.8649542379808 -13.5695842736928))",5GRJCVJ7+5X72
6186275,-13.57010298,32.86532862,52.3917,0.7217,"POLYGON((32.8653755483099 -13.5700922209458, 32.8653047862822 -13.5700619950434, 32.8652816943177 -13.570113732248, 32.8653524563579 -13.570143958157, 32.8653755483099 -13.5700922209458))",5GRJCVH8+X44W
6190650,-13.57036935,32.86103191,38.7988,0.8265,"POLYGON((32.8610645239343 -13.5703930500662, 32.8610563430081 -13.5703376076338, 32.8609993075536 -13.570345661882, 32.8610074884668 -13.5704011043161, 32.8610645239343 -13.5703930500662))",5GRJCVH6+VC36
6190816,-13.57073649,32.86260697,22.3368,0.7585,"POLYGON((32.8626342693264 -13.5707507791112, 32.8626252295753 -13.5707120179233, 32.8625796560906 -13.5707221895485, 32.8625886958347 -13.5707609507379, 32.8626342693264 -13.5707507791112))",5GRJCVH7+P25F
6199910,-13.57114703,32.86482756,39.9541,0.7735,"POLYGON((32.8648678311032 -13.5711341288765, 32.8648020532113 -13.5711139222567, 32.8647872872468 -13.571159923046, 32.8648530651501 -13.5711801296697, 32.8648678311032 -13.5711341288765))",5GRJCVH7+GWW3
6207869,-13.57013457,32.86542423,49.181,0.8117,"POLYGON((32.8654684959268 -13.5701192514273, 32.8653953624847 -13.5700983479962, 32.8653799663798 -13.5701498981773, 32.8654530998362 -13.5701708016129, 32.8654684959268 -13.5701192514273))",5GRJCVH8+W5VP
6209025,-13.570142,32.86475209,53.3204,0.7708,"POLYGON((32.8647894488508 -13.5701130991742, 32.8647210614532 -13.5701066432055, 32.8647147215634 -13.5701709144707, 32.8647831089793 -13.570177370441, 32.8647894488508 -13.5701130991742))",5GRJCVH7+WWR6
6209839,-13.57142035,32.86615395,29.0625,0.7694,"POLYGON((32.8661642312395 -13.5714532781553, 32.8661868330696 -13.5714080746349, 32.8661436684664 -13.571387420095, 32.8661210666302 -13.5714326236116, 32.8661642312395 -13.5714532781553))",5GRJCVH8+CFJ5
6212783,-13.57088796,32.86261765,37.0529,0.7365,"POLYGON((32.8626494528684 -13.5709114238987, 32.8626451338915 -13.570859765693, 32.8625858530744 -13.5708645089148, 32.8625901720387 -13.5709161671215, 32.8626494528684 -13.5709114238987))",5GRJCVH7+J2XH
6213479,-13.56704931,32.8616006,9.039,0.6191,"POLYGON((32.8616150426187 -13.5670625086695, 32.8616113070425 -13.5670330609396, 32.8615861563553 -13.5670361143699, 32.8615898919284 -13.5670655621003, 32.8616150426187 -13.5670625086695))",5GRJCVM6+5JQ2
6213579,-13.56718934,32.8604326,37.2512,0.8122,"POLYGON((32.8604662027372 -13.5671674349008, 32.8604028497619 -13.5671626224459, 32.8603989900899 -13.5672112499574, 32.8604623430779 -13.5672160624135, 32.8604662027372 -13.5671674349008))",5GRJCVM6+45FH
6214735,-13.56965068,32.86528463,20.2227,0.663,"POLYGON((32.8653005316366 -13.569674791641, 32.8653097504447 -13.569635873612, 32.8652687210876 -13.5696265723535, 32.865259502273 -13.569665490381, 32.8653005316366 -13.569674791641))",5GRJCVJ8+44MR
6217681,-13.56711285,32.86154479,18.8165,0.7449,"POLYGON((32.8615704941085 -13.5671299866564, 32.8615737259153 -13.5671016847845, 32.8615190925353 -13.5670957141423, 32.8615158607221 -13.5671240160134, 32.8615704941085 -13.5671299866564))",5GRJCVM6+5J3F
6221045,-13.56826453,32.86309242,44.4666,0.8045,"POLYGON((32.8631257211396 -13.5682360832226, 32.8630727698616 -13.568225772324, 32.8630590958193 -13.5682929778007, 32.8631120471116 -13.5683032887022, 32.8631257211396 -13.5682360832226))",5GRJCVJ7+M6WH
6224689,-13.57164748,32.86461199,16.4348,0.7543,"POLYGON((32.8646279090982 -13.5716693547023, 32.8646267475107 -13.5716248332509, 32.8645960544518 -13.5716255996187, 32.8645972160335 -13.5716701210701, 32.8646279090982 -13.5716693547023))",5GRJCVH7+8RX4
6228806,-13.57184719,32.86544794,23.7319,0.6447,"POLYGON((32.8654805770551 -13.5718522931869, 32.8654402963087 -13.5718157374252, 32.8654153127878 -13.5718420831423, 32.8654555935347 -13.5718786389079, 32.8654805770551 -13.5718522931869))",5GRJCVH8+7583
6245378,-13.56950242,32.86255523,34.5252,0.7964,"POLYGON((32.8625799840515 -13.5695310320713, 32.8625846822445 -13.5694784470605, 32.8625304705993 -13.5694738116789, 32.8625257723944 -13.5695263966886, 32.8625799840515 -13.5695310320713))",5GRJCVJ7+52VX
6255986,-13.5705813,32.86558855,38.8384,0.7771,"POLYGON((32.8656061056592 -13.5706175079648, 32.8656218661243 -13.5705579740257, 32.8655709998575 -13.5705450869639, 32.8655552393803 -13.5706046208995, 32.8656061056592 -13.5706175079648))",5GRJCVH8+Q68Q
6256357,-13.57087618,32.86434293,39.8485,0.8366,"POLYGON((32.8643650555517 -13.5709115450303, 32.8643696872604 -13.5708440294394, 32.8643208014858 -13.5708408199298, 32.8643161697634 -13.5709083355196, 32.8643650555517 -13.5709115450303))",5GRJCVH7+JPWX
6259464,-13.57013513,32.86571951,66.3894,0.7167,"POLYGON((32.8657631499088 -13.5701053477531, 32.8656858521918 -13.5700948008309, 32.8656758584489 -13.570164896263, 32.8657531561879 -13.5701754431884, 32.8657631499088 -13.5701053477531))",5GRJCVH8+W7XC
6259703,-13.56833373,32.86365796,77.1157,0.8229,"POLYGON((32.8636918031524 -13.5683793519035, 32.8636987485335 -13.5682939229562, 32.8636241172842 -13.5682881161094, 32.8636171718766 -13.5683735450546, 32.8636918031524 -13.5683793519035))",5GRJCVJ7+MF7J
6261491,-13.5690324,32.8618613,11.8985,0.6419,"POLYGON((32.8618802100791 -13.5690175909909, 32.8618386854174 -13.5690239474314, 32.8618424075024 -13.5690472178306, 32.8618839321677 -13.5690408613898, 32.8618802100791 -13.5690175909909))",5GRJCVJ6+9PQP
6263316,-13.57029319,32.86591862,25.007,0.7437,"POLYGON((32.8659450019519 -13.570274329653, 32.8659016742167 -13.5702658659479, 32.8658922484642 -13.570312044662, 32.865935576207 -13.5703205083687, 32.8659450019519 -13.570274329653))",5GRJCVH8+V9M7
6264652,-13.5666796,32.86484251,50.4741,0.7513,"POLYGON((32.8648894466035 -13.5666969254437, 32.8648821107245 -13.566649486608, 32.8647955688706 -13.5666622945034, 32.8648029047331 -13.5667097333412, 32.8648894466035 -13.5666969254437))",5GRJCVM7+8WGX
6265504,-13.56819594,32.86469269,240.2446,0.857,"POLYGON((32.8647482919307 -13.5682936407994, 32.8647361262927 -13.5680925105845, 32.8646370933166 -13.5680982433511, 32.8646492588714 -13.5682993735698, 32.8647482919307 -13.5682936407994))",5GRJCVJ7+PVG2
6272173,-13.56984068,32.86193483,37.3625,0.8029,"POLYGON((32.8619611092503 -13.5698699904797, 32.8619645314033 -13.5698146777813, 32.8619085366647 -13.5698113623137, 32.8619051144986 -13.5698666750109, 32.8619611092503 -13.5698699904797))",5GRJCVJ6+3Q79
6280593,-13.57072932,32.86530519,33.5546,0.6454,"POLYGON((32.8653385948371 -13.5707118682228, 32.8652907760506 -13.570695066935, 32.8652717909434 -13.5707467785161, 32.8653196097389 -13.5707635798076, 32.8653385948371 -13.5707118682228))",5GRJCVH8+P43X
6295867,-13.56666774,32.86039194,13.1933,0.6093,"POLYGON((32.8603992840516 -13.5666913879951, 32.8604097093297 -13.5666501648773, 32.8603846177396 -13.5666440917965, 32.860374192457 -13.5666853149127, 32.8603992840516 -13.5666913879951))",5GRJCVM6+85J8
6298794,-13.5704056,32.86490205,12.1343,0.6428,"POLYGON((32.8649182737395 -13.5703889105826, 32.8648920537149 -13.5703847572781, 32.8648858435021 -13.5704222775333, 32.8649120635308 -13.5704264308384, 32.8649182737395 -13.5703889105826))",5GRJCVH7+RXJQ
6303188,-13.56981664,32.866044,41.9024,0.644,"POLYGON((32.8660638705119 -13.5697655359845, 32.8660305245359 -13.5697635732691, 32.8660241177177 -13.5698677451054, 32.8660574637082 -13.5698697078217, 32.8660638705119 -13.5697655359845))",5GRJCVJ8+3CF7
6307628,-13.56711217,32.86084738,9.5868,0.6184,"POLYGON((32.8608580263496 -13.5671317226913, 32.8608568097629 -13.5670920209498, 32.8608367375554 -13.5670926096041, 32.8608379541388 -13.5671323113457, 32.8608580263496 -13.5671317226913))",5GRJCVM6+585C
6317172,-13.56998654,32.86626243,31.5593,0.8326,"POLYGON((32.8662903882208 -13.5700097570575, 32.8662879220335 -13.5699607547162, 32.866234467573 -13.5699633293406, 32.8662369337491 -13.5700123316823, 32.8662903882208 -13.5700097570575))",5GRJCVJ8+2G2F
6319137,-13.56897386,32.86253469,32.9296,0.8067,"POLYGON((32.8625603554029 -13.5690005810881, 32.8625598763671 -13.5689467106515, 32.8625090222596 -13.5689471434281, 32.8625095012839 -13.5690010138648, 32.8625603554029 -13.5690005810881))",5GRJCVJ7+C272
6321147,-13.56629735,32.86154161,80.3699,0.8335,"POLYGON((32.8615896492387 -13.5663344106247, 32.8615566000552 -13.566239319092, 32.861493568256 -13.5662602850041, 32.861526617417 -13.5663553765447, 32.8615896492387 -13.5663344106247))",5GRJCVM6+FJM3
6330320,-13.56555685,32.86482736,77.1174,0.7299,"POLYGON((32.8648690647638 -13.5655933564491, 32.8648653177842 -13.5655108299938, 32.8648123731363 -13.5655131306263, 32.864813237741 -13.5655321734586, 32.8647811963339 -13.5655335657657, 32.8647840786801 -13.5655970493898, 32.8648690647638 -13.5655933564491))",5GRJCVM7+QWGM
6346363,-13.56969652,32.86501088,19.9763,0.6672,"POLYGON((32.8650275728539 -13.5697214011008, 32.8650276009524 -13.5696716685188, 32.8649941816082 -13.5696716504464, 32.8649941535024 -13.5697213830283, 32.8650275728539 -13.5697214011008))",5GRJCVJ8+42C3
6347543,-13.5702477,32.86389752,54.6849,0.817,"POLYGON((32.8638922757093 -13.5701874880895, 32.8638558549626 -13.5702030837234, 32.8639027631087 -13.5703079207873, 32.8639391838683 -13.5702923251472, 32.8638922757093 -13.5701874880895))",5GRJCVH7+WH24
6353602,-13.57015133,32.8634649,67.0171,0.837,"POLYGON((32.8635099002777 -13.5701794527077, 32.8634922209405 -13.5701064562258, 32.8634198959257 -13.5701232200602, 32.863437575242 -13.5701962165472, 32.8635099002777 -13.5701794527077))",5GRJCVH7+W9PX
6355169,-13.571885,32.86450432,59.2032,0.8085,"POLYGON((32.8645460470699 -13.5718576703154, 32.864473996846 -13.5718458321338, 32.8644625814172 -13.5719123222079, 32.8645346316605 -13.5719241603928, 32.8645460470699 -13.5718576703154))",5GRJCVH7+6RRJ
6359609,-13.57044212,32.86427858,17.4732,0.6804,"POLYGON((32.8642969683919 -13.5704619856065, 32.8642959996772 -13.5704214261348, 32.8642601760572 -13.570422244961, 32.8642611447652 -13.5704628044327, 32.8642969683919 -13.5704619856065))",5GRJCVH7+RPC9
6360541,-13.56648593,32.86023096,49.5777,0.7997,"POLYGON((32.8602633352008 -13.5664535234375, 32.8601923553652 -13.5664608660435, 32.8601985672067 -13.566518335935, 32.8602695470593 -13.5665109933279, 32.8602633352008 -13.5664535234375))",5GRJCVM6+C35F
6366545,-13.57135795,32.86503162,18.8314,0.7504,"POLYGON((32.8650592684354 -13.5713508003992, 32.8650188374991 -13.5713329311926, 32.8650039745485 -13.571365114455, 32.865044405489 -13.571382983664, 32.8650592684354 -13.5713508003992))",5GRJCVH8+F23J
6370413,-13.57017324,32.86337503,35.9416,0.8329,"POLYGON((32.8634030861451 -13.5702004064098, 32.8633967374536 -13.5701409867089, 32.8633469554224 -13.5701460770506, 32.8633533041017 -13.5702054967527, 32.8634030861451 -13.5702004064098))",5GRJCVH7+W9J2
6371981,-13.5698305,32.86165406,22.1906,0.7338,"POLYGON((32.8616757948152 -13.5698518641496, 32.8616780798586 -13.5698116246194, 32.8616323392601 -13.5698091388182, 32.8616300542089 -13.5698493783481, 32.8616757948152 -13.5698518641496))",5GRJCVJ6+3M6Q
6376861,-13.5709044,32.86227225,31.3456,0.811,"POLYGON((32.8623011918294 -13.5709261648898, 32.8622942026253 -13.5708758570637, 32.8622433024725 -13.5708826245782, 32.8622502916661 -13.5709329324056, 32.8623011918294 -13.5709261648898))",5GRJCVH6+JWJW
6379584,-13.56708291,32.8606089,19.1124,0.7135,"POLYGON((32.8606224794655 -13.5671077164612, 32.8606312624299 -13.567065228845, 32.8605953069356 -13.5670581154553, 32.8605865239652 -13.5671006030702, 32.8606224794655 -13.5671077164612))",5GRJCVM6+569M
6390870,-13.56996208,32.86495918,45.7,0.7741,"POLYGON((32.8649985922026 -13.5699422903023, 32.8649336215808 -13.5699266738793, 32.8649197600729 -13.5699818647772, 32.8649847307083 -13.5699974812038, 32.8649985922026 -13.5699422903023))",5GRJCVJ7+2X8G
6398914,-13.5689048,32.86236758,14.2762,0.7682,"POLYGON((32.8623848807272 -13.5689220564854, 32.8623833434623 -13.5688861878895, 32.8623502867575 -13.5688875437618, 32.8623518240174 -13.5689234123581, 32.8623848807272 -13.5689220564854))",5GRJCVJ6+CWQX
6403174,-13.56438925,32.86488486,291.6394,0.631,"POLYGON((32.865057278412 -13.5644153454523, 32.8650512996022 -13.5643619681114, 32.8649328147409 -13.5643746698185, 32.8649275306617 -13.5643274946327, 32.864751984492 -13.5643463132718, 32.8647632472814 -13.5644468658056, 32.865057278412 -13.5644153454523))",5GRJCVP7+6XRF
6407009,-13.57070732,32.8657012,8.3243,0.6112,"POLYGON((32.86570982437 -13.5707251547978, 32.8657128112824 -13.5706912026617, 32.8656925623736 -13.5706894978506, 32.8656895754583 -13.5707234499864, 32.86570982437 -13.5707251547978))",5GRJCVH8+P78M
6408076,-13.57048897,32.8645843,15.2738,0.669,"POLYGON((32.8646062256399 -13.5704757206545, 32.8645664582878 -13.5704707768253, 32.8645623731689 -13.5705022244216, 32.864602140526 -13.5705071682515, 32.8646062256399 -13.5704757206545))",5GRJCVH7+RR4G
6419234,-13.57039194,32.86610765,22.0677,0.7194,"POLYGON((32.8661298884515 -13.570412563694, 32.8661282298398 -13.5703697296386, 32.866085427249 -13.5703713157904, 32.866087085853 -13.570414149846, 32.8661298884515 -13.570412563694))",5GRJCVH8+RCX7
6420683,-13.5655966,32.86051693,38.4452,0.7987,"POLYGON((32.8605505502735 -13.5655739242857, 32.8605008288602 -13.565559888481, 32.8604833127385 -13.5656192741822, 32.8605330341631 -13.5656333099902, 32.8605505502735 -13.5655739242857))",5GRJCVM6+Q664
6426803,-13.56795507,32.86088184,27.0526,0.652,"POLYGON((32.86091160369 -13.5679372606891, 32.8608549021525 -13.5679333912952, 32.8608520854073 -13.5679728941004, 32.8609087869539 -13.567976763495, 32.86091160369 -13.5679372606891))",5GRJCVJ6+R96J
6429704,-13.56834795,32.86327409,85.8657,0.8347,"POLYGON((32.8633188206872 -13.5683892615927, 32.8633265983918 -13.5683165930373, 32.8632293550957 -13.5683066322619, 32.8632215773618 -13.568379300814, 32.8633188206872 -13.5683892615927))",5GRJCVJ7+M865
6442180,-13.56676192,32.86110652,54.2912,0.8286,"POLYGON((32.8611482328555 -13.5667381294215, 32.8610881606434 -13.5667182431889, 32.8610648239954 -13.5667857104437, 32.8611248962225 -13.5668055966819, 32.8611482328555 -13.5667381294215))",5GRJCVM6+7CXF
6454203,-13.57067124,32.86218572,22.3666,0.7472,"POLYGON((32.8622140572818 -13.5706565011085, 32.8621609548196 -13.5706512620107, 32.8621573784695 -13.5706859530128, 32.8622104809393 -13.5706911921114, 32.8622140572818 -13.5706565011085))",5GRJCVH6+PVM5
6460083,-13.56803228,32.86156285,34.4229,0.7435,"POLYGON((32.8615356 -13.5680585, 32.8615901 -13.5680586, 32.8615901 -13.568006, 32.8615356 -13.568006, 32.8615356 -13.5680585))",5GRJCVJ6+QJPJ
6466767,-13.56986436,32.86327578,25.5535,0.7623,"POLYGON((32.8632935922785 -13.5698920480382, 32.8632990888947 -13.5698409009999, 32.863257975703 -13.569836672575, 32.8632524790781 -13.5698878196127, 32.8632935922785 -13.5698920480382))",5GRJCVJ7+382H
6470074,-13.57032813,32.86502674,25.7422,0.7911,"POLYGON((32.8650432002748 -13.570356896018, 32.865050720429 -13.5703049751958, 32.8650102817335 -13.5702993698431, 32.8650027615701 -13.5703512906636, 32.8650432002748 -13.570356896018))",5GRJCVH8+V26X
6485409,-13.57111443,32.86536938,22.4841,0.7219,"POLYGON((32.8654035261717 -13.5711055891592, 32.865340516447 -13.5710945179162, 32.8653352359155 -13.5711232790506, 32.8653982456475 -13.571134350295, 32.8654035261717 -13.5711055891592))",5GRJCVH8+H45H
6486185,-13.56747681,32.86119192,43.8225,0.8425,"POLYGON((32.861220706007 -13.5675084737775, 32.8612207427711 -13.5674451777629, 32.8611631403754 -13.5674451457365, 32.8611631035963 -13.567508441751, 32.861220706007 -13.5675084737775))",5GRJCVM6+2F4R
6489865,-13.57198515,32.86528325,16.5249,0.698,"POLYGON((32.8653121899206 -13.5719794612171, 32.8652614717418 -13.5719656792432, 32.8652543258395 -13.5719908457777, 32.8653050440231 -13.572004627753, 32.8653121899206 -13.5719794612171))",5GRJCVH8+643C
6494959,-13.56986413,32.86302635,10.8129,0.6607,"POLYGON((32.8630416081474 -13.5698792471596, 32.8630380190882 -13.5698462126424, 32.8630110899728 -13.5698490126335, 32.8630146790283 -13.5698820471509, 32.8630416081474 -13.5698792471596))",5GRJCVJ7+362H
6506978,-13.56859651,32.86226771,27.9342,0.7768,"POLYGON((32.8622942218964 -13.5686180598439, 32.8622903881941 -13.568571119212, 32.8622411904026 -13.5685749646105, 32.8622450240953 -13.568621905243, 32.8622942218964 -13.5686180598439))",5GRJCVJ6+HW64
6510892,-13.57088682,32.8645971,42.9643,0.8049,"POLYGON((32.8646290728977 -13.5709147836155, 32.86462913188 -13.5708589180595, 32.8645651451984 -13.5708588533989, 32.8645650862011 -13.5709147189547, 32.8646290728977 -13.5709147836155))",5GRJCVH7+JRXC
6511046,-13.5698856,32.8667173,75.9651,0.6341,"POLYGON((32.8667291 -13.5699536, 32.8667535 -13.5698264, 32.8667055 -13.5698176, 32.8666811 -13.5699448, 32.8667291 -13.5699536))",5GRJCVJ8+2MWH
6528324,-13.56965292,32.8644596,12.4313,0.687,"POLYGON((32.8644754428355 -13.5696699159508, 32.8644808995513 -13.5696431342457, 32.8644437560667 -13.5696358915735, 32.864438299347 -13.5696626732777, 32.8644754428355 -13.5696699159508))",5GRJCVJ7+4QPW
6530868,-13.56608535,32.8609086,38.626,0.7665,"POLYGON((32.8609390796393 -13.5660592200175, 32.8608817463624 -13.566055656898, 32.8608781211769 -13.5661114835941, 32.8609354544674 -13.5661150467145, 32.8609390796393 -13.5660592200175))",5GRJCVM6+H97C
6531419,-13.57047609,32.86226042,16.1303,0.7201,"POLYGON((32.8622773858766 -13.570496551263, 32.862274700989 -13.570453737513, 32.862243472291 -13.5704556117138, 32.862246157173 -13.5704984254641, 32.8622773858766 -13.570496551263))",5GRJCVH6+RW2V
6541585,-13.57080276,32.86350182,36.9023,0.8163,"POLYGON((32.8635327950896 -13.5708269379369, 32.8635258092972 -13.5707719127355, 32.8634708590028 -13.5707785891351, 32.8634778447828 -13.5708336143379, 32.8635327950896 -13.5708269379369))",5GRJCVH7+MCCR
6552648,-13.56909237,32.86222417,40.5486,0.8307,"POLYGON((32.862260559546 -13.5691121746603, 32.8622481711481 -13.5690590711036, 32.8621877866951 -13.5690725527035, 32.8622001750805 -13.5691256562629, 32.862260559546 -13.5691121746603))",5GRJCVJ6+9V96
6553109,-13.57183143,32.8650665,32.0248,0.7977,"POLYGON((32.8651029097173 -13.5718220657879, 32.8650471961724 -13.5717998015821, 32.8650300817106 -13.5718407872044, 32.8650857952636 -13.5718630514141, 32.8651029097173 -13.5718220657879))",5GRJCVH8+728J
6558608,-13.56925875,32.86299904,57.6433,0.7964,"POLYGON((32.8630431381899 -13.5692360973049, 32.8629694014407 -13.5692195963533, 32.8629549490891 -13.5692814033427, 32.8630286858567 -13.5692979042975, 32.8630431381899 -13.5692360973049))",5GRJCVJ7+75XQ
6560320,-13.56984629,32.86364599,52.0763,0.829,"POLYGON((32.8636778335773 -13.5698803301296, 32.8636836998929 -13.5698185728972, 32.8636141425435 -13.5698122496015, 32.8636082762102 -13.5698740068325, 32.8636778335773 -13.5698803301296))",5GRJCVJ7+3F64
6561275,-13.57134451,32.86272478,35.1654,0.7991,"POLYGON((32.8627488117906 -13.5713758234346, 32.8627460504742 -13.571311345743, 32.8627007532653 -13.571313202238, 32.8627035145695 -13.5713776799301, 32.8627488117906 -13.5713758234346))",5GRJCVH7+F396
6561456,-13.56936823,32.86358454,118.1581,0.8479,"POLYGON((32.8636511306061 -13.5693417799849, 32.8635427838781 -13.5693110035815, 32.8635179470405 -13.5693946828462, 32.8636262938029 -13.5694254592606, 32.8636511306061 -13.5693417799849))",5GRJCVJ7+7C48
6562192,-13.57163564,32.86450724,86.2192,0.7374,"POLYGON((32.8645413 -13.5716853, 32.8645505 -13.5715934, 32.8644732 -13.571586, 32.8644639 -13.5716778, 32.8645413 -13.5716853))",5GRJCVH7+8RRC
6564768,-13.57134331,32.86555496,33.6625,0.6365,"POLYGON((32.8655906015951 -13.5713308472935, 32.865540754259 -13.5713089985507, 32.8655193230288 -13.5713557913592, 32.8655691703734 -13.5713776401069, 32.8655906015951 -13.5713308472935))",5GRJCVH8+F679
6565448,-13.5711197,32.86215654,15.6541,0.6841,"POLYGON((32.8621712620249 -13.5711427839878, 32.862169386146 -13.5710955625809, 32.8621418463046 -13.571096609575, 32.8621437221781 -13.5711438309819, 32.8621712620249 -13.5711427839878))",5GRJCVH6+HV36
6566835,-13.56950451,32.86248816,27.6221,0.7431,"POLYGON((32.8625135906578 -13.5694819154537, 32.8624627537416 -13.5694818874489, 32.8624627277153 -13.5695270940325, 32.8625135646411 -13.5695271220374, 32.8625135906578 -13.5694819154537))",5GRJCVJ6+5XXW
6566912,-13.57086665,32.86383982,127.9003,0.8427,"POLYGON((32.863873732426 -13.5709386973068, 32.8638816941393 -13.5707987265597, 32.8638059030922 -13.5707946007731, 32.8637979413346 -13.5709345715175, 32.863873732426 -13.5709386973068))",5GRJCVH7+MG49
6574412,-13.57154926,32.86382369,149.708,0.8569,"POLYGON((32.8639009096245 -13.5715865948418, 32.8638960917633 -13.5715036081264, 32.8637464800312 -13.571511920497, 32.8637512978404 -13.5715949072148, 32.8639009096245 -13.5715865948418))",5GRJCVH7+9GP3
6576853,-13.57202357,32.86556336,23.3181,0.7864,"POLYGON((32.8655930440832 -13.572013140275, 32.8655501707645 -13.571995537328, 32.8655336642517 -13.5720340116597, 32.8655765375762 -13.5720516146088, 32.8655930440832 -13.572013140275))",5GRJCVH8+56W2
6577692,-13.5699573,32.86619167,15.9192,0.664,"POLYGON((32.8662069 -13.5699781, 32.8662107 -13.5699398, 32.8661765 -13.5699365, 32.8661726 -13.5699748, 32.8662069 -13.5699781))",5GRJCVJ8+2F8J
6582318,-13.56931245,32.86331772,14.3607,0.6899,"POLYGON((32.8633374773509 -13.5693270057871, 32.8633338515464 -13.5692941113421, 32.8632979464232 -13.5692978989247, 32.8633015722228 -13.5693307933701, 32.8633374773509 -13.5693270057871))",5GRJCVJ7+78GC
6583537,-13.5667096,32.8647288,43.7457,0.8134,"POLYGON((32.8647728450465 -13.5667244167823, 32.864764461599 -13.5666802830546, 32.8646847468095 -13.5666947749227, 32.8646931302428 -13.5667389086529, 32.8647728450465 -13.5667244167823))",5GRJCVM7+8V9M
6584625,-13.56760065,32.8610104,6.0775,0.6548,"POLYGON((32.8610224389335 -13.5676110877809, 32.8610215354515 -13.5675892947976, 32.8609983715495 -13.567590213859, 32.8609992750294 -13.5676120068424, 32.8610224389335 -13.5676110877809))",5GRJCVJ6+XC2V
6590368,-13.57160083,32.86507191,21.0876,0.7471,"POLYGON((32.8650817328604 -13.5716290303883, 32.8650972649667 -13.571584341342, 32.865062073024 -13.5715726358874, 32.8650465409119 -13.5716173249314, 32.8650817328604 -13.5716290303883))",5GRJCVH8+924V
6590539,-13.57138793,32.86252899,31.3591,0.7924,"POLYGON((32.8625647715252 -13.5714042409679, 32.8625617700635 -13.5713664115614, 32.8624932128857 -13.5713716171747, 32.8624962143365 -13.5714094465819, 32.8625647715252 -13.5714042409679))",5GRJCVH7+C2RH
6591393,-13.57101022,32.86608828,9.819,0.6833,"POLYGON((32.8661036628733 -13.5710234932711, 32.8661036777555 -13.5709969435723, 32.86607290723 -13.5709969270637, 32.8660728923441 -13.5710234767625, 32.8661036628733 -13.5710234932711))",5GRJCVH8+HCWH
6592128,-13.56867566,32.86431974,88.1312,0.8513,"POLYGON((32.8643513054634 -13.5687347095953, 32.864349871001 -13.5686158948056, 32.864288165943 -13.5686166077596, 32.8642896003746 -13.5687354225491, 32.8643513054634 -13.5687347095953))",5GRJCVJ7+GPGR
6594987,-13.5719759,32.86512068,25.33,0.755,"POLYGON((32.8651566982189 -13.5719818259657, 32.865104343486 -13.5719439600825, 32.8650846733652 -13.5719699873811, 32.8651370281011 -13.5720078532689, 32.8651566982189 -13.5719818259657))",5GRJCVH8+625X
6604318,-13.57036582,32.86512328,26.2311,0.7582,"POLYGON((32.8651528085491 -13.5703504833308, 32.8651057326783 -13.5703379848866, 32.8650937537678 -13.5703811646081, 32.8651408296465 -13.5703936630546, 32.8651528085491 -13.5703504833308))",5GRJCVH8+V259
6612737,-13.56625381,32.86114749,18.7718,0.6447,"POLYGON((32.8611625386374 -13.5662818095577, 32.8611596280149 -13.5662244994622, 32.8611324435392 -13.5662258207904, 32.8611353541552 -13.5662831308862, 32.8611625386374 -13.5662818095577))",5GRJCVM6+FFRW
6613412,-13.57011623,32.86142185,16.3691,0.7419,"POLYGON((32.8614396219678 -13.5701353805654, 32.8614396441699 -13.5700971029581, 32.8614040643493 -13.5700970832053, 32.8614040421415 -13.5701353608124, 32.8614396219678 -13.5701353805654))",5GRJCVH6+XH37
6618488,-13.56969864,32.86495393,32.3217,0.7554,"POLYGON((32.8649674524774 -13.5697354344302, 32.8649793908962 -13.5696684963239, 32.8649404037 -13.5696618417796, 32.8649284652707 -13.569728779884, 32.8649674524774 -13.5697354344302))",5GRJCVJ7+4XG4
6624159,-13.57043859,32.86193102,19.0775,0.7306,"POLYGON((32.8619518815422 -13.5704579972368, 32.8619547091094 -13.5704225917848, 32.861910150276 -13.5704191861576, 32.8619073227021 -13.570454591609, 32.8619518815422 -13.5704579972368))",5GRJCVH6+RQFH
6624321,-13.57145444,32.86275185,40.0186,0.7197,"POLYGON((32.8627861867806 -13.5714771807298, 32.8627797372033 -13.5714244165688, 32.8627175236564 -13.5714316942487, 32.86272397322 -13.5714844584111, 32.8627861867806 -13.5714771807298))",5GRJCVH7+C46R
6625501,-13.56897694,32.86183482,12.8629,0.6645,"POLYGON((32.8618507665428 -13.5689939567487, 32.8618548996736 -13.5689648156511, 32.8618188688276 -13.568959924925, 32.8618147356925 -13.568989066022, 32.8618507665428 -13.5689939567487))",5GRJCVJ6+CP4W
6626471,-13.57002566,32.86198722,54.0471,0.8073,"POLYGON((32.8620166765774 -13.5700626611134, 32.8620250183077 -13.5699968253053, 32.8619577495604 -13.5699886683267, 32.8619494078118 -13.5700545041324, 32.8620166765774 -13.5700626611134))",5GRJCVH6+XQQW
6632758,-13.57029144,32.86460997,17.7579,0.6182,"POLYGON((32.8646274687773 -13.570312188812, 32.8646322183038 -13.5702756264393, 32.8645924509844 -13.5702706826144, 32.8645877014519 -13.5703072449864, 32.8646274687773 -13.570312188812))",5GRJCVH7+VRQ8
6634071,-13.57164969,32.86406947,44.2804,0.6811,"POLYGON((32.86410664294 -13.5716731572984, 32.8641027052034 -13.5716211247188, 32.8640322862155 -13.5716262247844, 32.8640362239364 -13.5716782573648, 32.86410664294 -13.5716731572984))",5GRJCVH7+8JW2
6636289,-13.57056389,32.86574624,43.446,0.8417,"POLYGON((32.8657833921833 -13.5705419709255, 32.8657170846628 -13.5705324490842, 32.8657090772307 -13.5705858138064, 32.8657753847656 -13.5705953356497, 32.8657833921833 -13.5705419709255))",5GRJCVH8+Q7HH
6638870,-13.57048429,32.86172529,16.522,0.7312,"POLYGON((32.8617423047637 -13.5705049539351, 32.8617403256049 -13.5704621993885, 32.8617082395817 -13.5704636208444, 32.8617102187348 -13.5705063753913, 32.8617423047637 -13.5705049539351))",5GRJCVH6+RM5J
6644120,-13.5706223,32.86496025,46.4051,0.7536,"POLYGON((32.8649916914749 -13.5706550667941, 32.865002716541 -13.5706051504624, 32.8649288185718 -13.5705895301157, 32.8649177934909 -13.5706394464442, 32.8649916914749 -13.5706550667941))",5GRJCVH7+QX44
6650183,-13.56977464,32.86535237,17.872,0.7011,"POLYGON((32.8653802541213 -13.5697643991438, 32.8653290327237 -13.5697565360003, 32.8653244880341 -13.5697848682864, 32.8653757094374 -13.5697927314317, 32.8653802541213 -13.5697643991438))",5GRJCVJ8+34X3
6650340,-13.57189403,32.86490087,15.496,0.645,"POLYGON((32.8649224262703 -13.5718803083722, 32.8648886963236 -13.5718718659286, 32.8648793135393 -13.5719077410777, 32.8649130434905 -13.5719161835226, 32.8649224262703 -13.5718803083722))",5GRJCVH7+6XR9
6651613,-13.57038477,32.86219939,14.6081,0.7183,"POLYGON((32.8622147564627 -13.5704039736798, 32.8622186932679 -13.5703693455978, 32.8621840234355 -13.5703655734587, 32.8621800866255 -13.5704002015401, 32.8622147564627 -13.5704039736798))",5GRJCVH6+RVWM
6651834,-13.56895304,32.86135157,14.9366,0.6721,"POLYGON((32.8613646345347 -13.5689748781063, 32.8613687370479 -13.5689341380879, 32.8613385264215 -13.5689312266049, 32.8613344239033 -13.5689719666227, 32.8613646345347 -13.5689748781063))",5GRJCVJ6+CG9V
6664953,-13.56999078,32.86466699,30.3514,0.6614,"POLYGON((32.8646988514023 -13.5700102695797, 32.8646981035595 -13.5699701810917, 32.8646351328228 -13.5699713053012, 32.864635880655 -13.5700113937912, 32.8646988514023 -13.5700102695797))",5GRJCVJ7+2V37
6673763,-13.57090598,32.86507676,31.6286,0.6824,"POLYGON((32.8651126124052 -13.5708921260911, 32.8650487503658 -13.5708800948026, 32.8650409286893 -13.570919827538, 32.8651047907389 -13.5709318588284, 32.8651126124052 -13.5708921260911))",5GRJCVH8+J2PM
6676168,-13.57119719,32.86433912,69.2486,0.8325,"POLYGON((32.8643525006854 -13.5712653152149, 32.864369056336 -13.5711342947595, 32.8643257438971 -13.5711290570999, 32.864309188223 -13.5712600775522, 32.8643525006854 -13.5712653152149))",5GRJCVH7+GPG5
6679840,-13.56868235,32.86236385,29.5347,0.746,"POLYGON((32.8623897000326 -13.568706061028, 32.8623880950506 -13.5686570564985, 32.862338002525 -13.5686586266154, 32.8623396074968 -13.5687076311451, 32.8623897000326 -13.568706061028))",5GRJCVJ6+GWHP
6680363,-13.57070535,32.86359756,32.6376,0.7741,"POLYGON((32.8636236183768 -13.5707317588179, 32.8636198227818 -13.5706758022358, 32.8635715074481 -13.5706789386401, 32.8635753030316 -13.5707348952227, 32.8636236183768 -13.5707317588179))",5GRJCVH7+PC9J
6681693,-13.56695096,32.86119218,19.7375,0.7462,"POLYGON((32.8612188839072 -13.5669381391612, 32.8611713237733 -13.566930218695, 32.861165484799 -13.5669637740279, 32.8612130449394 -13.5669716944954, 32.8612188839072 -13.5669381391612))",5GRJCVM6+6F8R
6683783,-13.56873888,32.86240982,25.9592,0.7501,"POLYGON((32.8624325204017 -13.5687626226265, 32.8624348937528 -13.5687175294256, 32.8623871240936 -13.5687151232341, 32.8623847507335 -13.5687602164345, 32.8624325204017 -13.5687626226265))",5GRJCVJ6+GX3C
6684990,-13.56951599,32.86343577,38.2086,0.7637,"POLYGON((32.8634805493931 -13.5695046396828, 32.8633978068398 -13.5694901271805, 32.8633909849286 -13.5695273505503, 32.8634737274943 -13.5695418630548, 32.8634805493931 -13.5695046396828))",5GRJCVJ7+59V9
6688387,-13.56970406,32.86618607,53.5911,0.6967,"POLYGON((32.8662149805392 -13.5696511463511, 32.8661762973274 -13.5696448293801, 32.8661571626046 -13.5697569688063, 32.8661958458335 -13.5697632857814, 32.8662149805392 -13.5696511463511))",5GRJCVJ8+4F7X
6688935,-13.57039946,32.86345065,32.5416,0.7206,"POLYGON((32.8634792364259 -13.5704229114586, 32.8634714759396 -13.5703691858316, 32.863422068089 -13.5703760158714, 32.8634298285643 -13.5704297414995, 32.8634792364259 -13.5704229114586))",5GRJCVH7+R9W3
6691957,-13.56699432,32.86088487,54.2738,0.7659,"POLYGON((32.8608969474172 -13.5670397000822, 32.8609278309846 -13.56695904555, 32.8608940040014 -13.5669466491729, 32.860883142067 -13.5669750158475, 32.8608595882851 -13.5669663842267, 32.8608395666378 -13.5670186720782, 32.8608969474172 -13.5670397000822))",5GRJCVM6+6927
6693297,-13.57095036,32.86544442,23.3773,0.6297,"POLYGON((32.8654753 -13.5709378, 32.8654189 -13.5709292, 32.8654136 -13.5709629, 32.8654699 -13.5709715, 32.8654753 -13.5709378))",5GRJCVH8+J58R
6697255,-13.57110028,32.86487754,17.3955,0.6355,"POLYGON((32.864893359498 -13.5711224606735, 32.8649034825043 -13.5710909241604, 32.8648617082466 -13.5710780913366, 32.8648515852353 -13.571109627848, 32.864893359498 -13.5711224606735))",5GRJCVH7+HX2R
6699085,-13.57023938,32.86238095,29.0166,0.7893,"POLYGON((32.8624026531412 -13.5702678435335, 32.8624005873598 -13.5702095266106, 32.862359239178 -13.5702109283455, 32.8623613049494 -13.5702692452686, 32.8624026531412 -13.5702678435335))",5GRJCVH6+WX2C
6705615,-13.57086272,32.86511882,15.9877,0.6751,"POLYGON((32.8651334514218 -13.5708840689909, 32.8651377973137 -13.5708449523338, 32.8651041886279 -13.5708413788863, 32.8650998427306 -13.5708804955428, 32.8651334514218 -13.5708840689909))",5GRJCVH8+M25H
6707053,-13.57181698,32.86493253,15.8219,0.6389,"POLYGON((32.8649472465514 -13.5718409090747, 32.8649444178748 -13.5717915894766, 32.8649178105046 -13.5717930499046, 32.8649206391753 -13.571842369503, 32.8649472465514 -13.5718409090747))",5GRJCVH7+7XF9
6714685,-13.57041332,32.86185104,10.5094,0.6192,"POLYGON((32.8618688910581 -13.5704022204066, 32.8618390592746 -13.5703962720488, 32.8618331959573 -13.5704244134358, 32.861863027744 -13.5704303617943, 32.8618688910581 -13.5704022204066))",5GRJCVH6+RPQC
6718571,-13.57041944,32.86225629,14.4709,0.7404,"POLYGON((32.8622733377158 -13.5704373288439, 32.8622713581536 -13.5703999350874, 32.8622392467253 -13.5704015619436, 32.8622412262825 -13.5704389557004, 32.8622733377158 -13.5704373288439))",5GRJCVH6+RWJ6
6721267,-13.5709349,32.86527063,39.1175,0.8108,"POLYGON((32.8653062333719 -13.5709150675284, 32.8652456453558 -13.5709031243747, 32.8652350127266 -13.5709547453583, 32.8652956007551 -13.5709666885146, 32.8653062333719 -13.5709150675284))",5GRJCVH8+J4CP
6727766,-13.56846459,32.86344921,52.4278,0.761,"POLYGON((32.8634926891847 -13.5684465388093, 32.8634294858512 -13.5684226095112, 32.8634057397579 -13.5684826341218, 32.8634689431045 -13.5685065634258, 32.8634926891847 -13.5684465388093))",5GRJCVJ7+J98F
6728649,-13.5713947,32.86553143,40.2574,0.8147,"POLYGON((32.8655435404717 -13.571433600268, 32.8655691703734 -13.5713776401069, 32.8655193230288 -13.5713557913592, 32.865493693117 -13.5714117515147, 32.8655435404717 -13.571433600268))",5GRJCVH8+C6V6
6729785,-13.57161992,32.86545572,42.3722,0.7153,"POLYGON((32.8654766483028 -13.5716566326288, 32.865496920089 -13.5716079879203, 32.865434775895 -13.5715832038455, 32.8654145040987 -13.5716318485492, 32.8654766483028 -13.5716566326288))",5GRJCVH8+9548
6732408,-13.56835634,32.86377606,85.3498,0.837,"POLYGON((32.8638254711996 -13.568393129903, 32.8638281529929 -13.5683232674834, 32.863726652383 -13.5683195385862, 32.8637239705601 -13.5683894010044, 32.8638254711996 -13.568393129903))",5GRJCVJ7+MG2Q
6747027,-13.57053751,32.86597225,5.7138,0.6153,"POLYGON((32.865984466564 -13.5705469786179, 32.8659812911862 -13.5705250932213, 32.8659599984075 -13.570528049823, 32.8659631737834 -13.5705499352198, 32.865984466564 -13.5705469786179))",5GRJCVH8+Q9QC
6748069,-13.56780913,32.86046942,47.7805,0.7849,"POLYGON((32.8604996892406 -13.5678420299583, 32.8604990786367 -13.5677756969006, 32.860439153868 -13.567776224811, 32.8604397644553 -13.5678425578682, 32.8604996892406 -13.5678420299583))",5GRJCVJ6+V5HJ
6750149,-13.56986539,32.86309749,60.2878,0.8149,"POLYGON((32.8631367368193 -13.5698989241011, 32.8631427669544 -13.5698401684378, 32.863058249054 -13.5698318670849, 32.8630522188983 -13.569890622746, 32.8631367368193 -13.5698989241011))",5GRJCVJ7+3656
6753000,-13.57010186,32.86591264,33.2387,0.6959,"POLYGON((32.8659333020147 -13.5701332766148, 32.8659387273534 -13.5700745951168, 32.865891982962 -13.5700704591516, 32.8658865576118 -13.5701291406485, 32.8659333020147 -13.5701332766148))",5GRJCVH8+X93R
6759930,-13.57110536,32.86223764,12.7067,0.6624,"POLYGON((32.8622587150108 -13.5711167751701, 32.8622561793244 -13.5710903084589, 32.8622165823541 -13.571093939028, 32.8622191180362 -13.5711204057396, 32.8622587150108 -13.5711167751701))",5GRJCVH6+HV5P
6764693,-13.56719536,32.86142673,66.9074,0.8197,"POLYGON((32.8614727236495 -13.5671689335614, 32.861400211258 -13.5671500821564, 32.8613807331928 -13.5672217866064, 32.8614532456038 -13.5672406380166, 32.8614727236495 -13.5671689335614))",5GRJCVM6+4HF4
6767418,-13.56473696,32.86114375,28.868,0.7475,"POLYGON((32.8611691532912 -13.5647609079047, 32.8611720252699 -13.5647163396904, 32.8611183487029 -13.5647130292744, 32.8611154767143 -13.564757597488, 32.8611691532912 -13.5647609079047))",5GRJCVP6+4F2G
6791681,-13.57047156,32.86219931,30.0638,0.7759,"POLYGON((32.862227776914 -13.5704929187216, 32.8622242425597 -13.5704463193226, 32.8621708592487 -13.5704501941693, 32.8621743935927 -13.5704967935688, 32.862227776914 -13.5704929187216))",5GRJCVH6+RV83
6795590,-13.56814467,32.86417807,29.7381,0.6082,"POLYGON((32.8642089315708 -13.5681655193617, 32.8642107426058 -13.5681266512443, 32.8641472184306 -13.5681238185345, 32.8641454073853 -13.5681626866517, 32.8642089315708 -13.5681655193617))",5GRJCVJ7+PMV8
6797232,-13.56567459,32.86113416,17.0586,0.6374,"POLYGON((32.8611671907239 -13.5656805341563, 32.8611633630633 -13.5656583583369, 32.8611011372153 -13.5656686375985, 32.8611049648705 -13.5656908134186, 32.8611671907239 -13.5656805341563))",5GRJCVM6+PFJ3
6801383,-13.57008129,32.86434733,47.8572,0.6831,"POLYGON((32.8643867884348 -13.5701031164901, 32.8643748329664 -13.5700460478335, 32.8643078744051 -13.5700594722706, 32.8643198298584 -13.5701165409303, 32.8643867884348 -13.5701031164901))",5GRJCVH7+XP9J
6802933,-13.56914416,32.86125206,35.3294,0.8045,"POLYGON((32.8612810256735 -13.5691693855189, 32.8612788503425 -13.5691167418757, 32.8612231054487 -13.5691189463651, 32.8612252807674 -13.569171590009, 32.8612810256735 -13.5691693855189))",5GRJCVJ6+8GR6
6806411,-13.56799387,32.86018776,31.0139,0.75,"POLYGON((32.8602126574341 -13.5680197417386, 32.8602149704944 -13.5679703275927, 32.860162861081 -13.5679679931572, 32.8601605480099 -13.5680174073025, 32.8602126574341 -13.5680197417386))",5GRJCVJ6+R346
6814455,-13.56505318,32.8612524,16.7105,0.7652,"POLYGON((32.8612692942382 -13.5650742152419, 32.8612675069867 -13.5650308700365, 32.8612354842176 -13.5650321337329, 32.8612372714633 -13.5650754789384, 32.8612692942382 -13.5650742152419))",5GRJCVM6+XGCR
6816970,-13.568995,32.86111725,48.6751,0.8058,"POLYGON((32.8611479123278 -13.569027926086, 32.8611525814937 -13.5689668964017, 32.8610865938571 -13.5689620648473, 32.8610819246745 -13.5690230945303, 32.8611479123278 -13.569027926086))",5GRJCVJ6+CC59
6820467,-13.57043907,32.86340518,14.5138,0.6647,"POLYGON((32.8634247704739 -13.570456218166, 32.8634120780905 -13.5704142684776, 32.8633856110556 -13.570421932198, 32.8633983034346 -13.5704638818877, 32.8634247704739 -13.570456218166))",5GRJCVH7+R9CH
6820680,-13.57148951,32.8662322,13.3961,0.6853,"POLYGON((32.8662428416349 -13.5715105784494, 32.8662517746921 -13.57147589014, 32.8662215612465 -13.5714684439615, 32.8662126281851 -13.5715031322697, 32.8662428416349 -13.5715105784494))",5GRJCVH8+CF5F
6842167,-13.57084645,32.86200179,32.573,0.76,"POLYGON((32.8620325804901 -13.5708254559858, 32.8619750978227 -13.5708206415841, 32.8619710017901 -13.5708674448195, 32.8620284844686 -13.5708722592224, 32.8620325804901 -13.5708254559858))",5GRJCVH6+MR62
6843781,-13.56943536,32.8617227,87.501,0.8291,"POLYGON((32.8617762788482 -13.569404623374, 32.8616782240329 -13.5693929395635, 32.8616691151589 -13.5694660992973, 32.8617671700035 -13.5694777831116, 32.8617762788482 -13.569404623374))",5GRJCVJ6+6MHC
6846082,-13.56899268,32.86092966,45.791,0.7979,"POLYGON((32.8609701542216 -13.5690105373159, 32.8609541825128 -13.5689564515159, 32.8608891682581 -13.5689748254373, 32.8609051399533 -13.5690289112417, 32.8609701542216 -13.5690105373159))",5GRJCVJ6+C938
6847195,-13.57011157,32.86289191,13.2475,0.6321,"POLYGON((32.8629075879008 -13.5701290661482, 32.8629111351811 -13.5700978632871, 32.8628762431988 -13.5700940670947, 32.862872695914 -13.5701252699552, 32.8629075879008 -13.5701290661482))",5GRJCVH7+X52G
6849353,-13.57098576,32.86269428,24.0787,0.7779,"POLYGON((32.8627187836693 -13.5710059484625, 32.8627165730819 -13.5709632498118, 32.8626697744838 -13.5709655685063, 32.8626719850629 -13.5710082671573, 32.8627187836693 -13.5710059484625))",5GRJCVH7+J34C
6851490,-13.56989359,32.86176954,8.9789,0.6124,"POLYGON((32.8617839896027 -13.5699064661087, 32.8617821837288 -13.5698790115753, 32.8617550857316 -13.5698807173913, 32.8617568916024 -13.5699081719248, 32.8617839896027 -13.5699064661087))",5GRJCVJ6+2PR8
6853485,-13.57021875,32.86510548,8.4634,0.6251,"POLYGON((32.865120368451 -13.5702302441251, 32.8651177037721 -13.570204562855, 32.8650905641106 -13.5702072578216, 32.8650932287866 -13.570232939092, 32.865120368451 -13.5702302441251))",5GRJCVH8+W297
6855629,-13.56960033,32.8631211,35.6733,0.8219,"POLYGON((32.8631531253725 -13.5695786486844, 32.8630989342842 -13.5695690010087, 32.8630890723656 -13.5696220148686, 32.8631432634654 -13.5696316625465, 32.8631531253725 -13.5695786486844))",5GRJCVJ7+565X
6865937,-13.57089597,32.86321719,33.4837,0.66,"POLYGON((32.8632444354109 -13.5709223975947, 32.8632363984892 -13.5708634646382, 32.8631899533277 -13.5708695262754, 32.8631979902382 -13.5709284592338, 32.8632444354109 -13.5709223975947))",5GRJCVH7+J7W5
6869645,-13.5681597,32.86154152,13.6776,0.6908,"POLYGON((32.8615585174039 -13.5681765122289, 32.8615570176293 -13.5681415477054, 32.861524528475 -13.5681428814251, 32.8615260282448 -13.5681778459487, 32.8615585174039 -13.5681765122289))",5GRJCVJ6+PJMM
6876218,-13.57161682,32.8655767,26.9025,0.7037,"POLYGON((32.8656077255526 -13.5716026427751, 32.8655557718755 -13.5715903098394, 32.8655456795524 -13.5716309969083, 32.8655976332377 -13.5716433298464, 32.8656077255526 -13.5716026427751))",5GRJCVH8+9647
6882903,-13.56979705,32.86256033,40.0898,0.7974,"POLYGON((32.8625795742363 -13.5698333549198, 32.8625923336615 -13.5697707426808, 32.8625410979302 -13.569760750336, 32.8625283384922 -13.5698233625724, 32.8625795742363 -13.5698333549198))",5GRJCVJ7+32M5
6890700,-13.56881372,32.86075837,39.2883,0.8017,"POLYGON((32.8607928392387 -13.5688355360886, 32.8607850515378 -13.5687831955544, 32.8607238951134 -13.568791903964, 32.8607316828012 -13.5688442444998, 32.8607928392387 -13.5688355360886))",5GRJCVJ6+F8CF
6890992,-13.57044189,32.86482795,27.8238,0.7704,"POLYGON((32.8648448748948 -13.570471221426, 32.864856999532 -13.5704238288642, 32.8648110324358 -13.5704125743753, 32.8647989077901 -13.570459966935, 32.8648448748948 -13.570471221426))",5GRJCVH7+RWG7
6892112,-13.5712532,32.86486047,44.9082,0.6329,"POLYGON((32.8648960484921 -13.571227764982, 32.8648413378959 -13.5712143651849, 32.8648248908506 -13.5712786306856, 32.8648796014609 -13.5712920304864, 32.8648960484921 -13.571227764982))",5GRJCVH7+FWXW
6894294,-13.57172382,32.86350806,50.3777,0.8388,"POLYGON((32.8635479306455 -13.5717480454168, 32.8635414259962 -13.5716915322586, 32.8634681865897 -13.5716995996621, 32.8634746912217 -13.571756112822, 32.8635479306455 -13.5717480454168))",5GRJCVH7+8C63
6895911,-13.56825724,32.86430972,106.5217,0.813,"POLYGON((32.8643599206522 -13.5683053113601, 32.8643589150424 -13.5682223209957, 32.8643099539431 -13.5682228887726, 32.8643096339571 -13.5681964807884, 32.8642657756196 -13.5681969893832, 32.8642671011784 -13.5683063877319, 32.8643599206522 -13.5683053113601))",5GRJCVJ7+MPVQ
6901352,-13.56815243,32.8606677,34.5004,0.8111,"POLYGON((32.8606890221148 -13.5681862401847, 32.8606886926942 -13.5681184247467, 32.860646366663 -13.5681186215128, 32.8606466960715 -13.5681864369507, 32.8606890221148 -13.5681862401847))",5GRJCVJ6+P7MV
6903271,-13.56969498,32.86289746,28.6199,0.6527,"POLYGON((32.862927200904 -13.5696767768009, 32.8628746031617 -13.5696689412403, 32.8628677158404 -13.5697131868123, 32.8629203135923 -13.5697210223744, 32.862927200904 -13.5696767768009))",5GRJCVJ7+45C8
6908233,-13.56620403,32.86100349,7.6925,0.6069,"POLYGON((32.861017026547 -13.5662163113331, 32.8610193643671 -13.5661947940001, 32.8609899526269 -13.5661917357057, 32.8609876148042 -13.5662132530383, 32.861017026547 -13.5662163113331))",5GRJCVM6+GC6R
6915730,-13.57013678,32.86323537,30.0881,0.7782,"POLYGON((32.863259861826 -13.5701631668732, 32.8632548499532 -13.5701066721677, 32.8632108701135 -13.5701104061014, 32.8632158819759 -13.5701669008076, 32.863259861826 -13.5701631668732))",5GRJCVH7+W7XG
6915883,-13.57009668,32.86134851,15.8533,0.7106,"POLYGON((32.8613666980547 -13.570115162905, 32.8613634258058 -13.5700755680053, 32.8613303296759 -13.5700781856169, 32.8613336019196 -13.5701177805169, 32.8613666980547 -13.570115162905))",5GRJCVH6+XG92
6917310,-13.56941993,32.86328735,21.6183,0.6358,"POLYGON((32.8633118825004 -13.5694423844388, 32.8633202858159 -13.5694134102344, 32.8632628333113 -13.5693974634893, 32.8632544299895 -13.5694264376914, 32.8633118825004 -13.5694423844388))",5GRJCVJ7+68M6
6918371,-13.57131341,32.86251992,54.4752,0.8347,"POLYGON((32.8625550628868 -13.5713455965428, 32.8625520099256 -13.5712783133585, 32.8624847797142 -13.5712812327655, 32.8624878326566 -13.5713485159505, 32.8625550628868 -13.5713455965428))",5GRJCVH7+F2CG
6920923,-13.56882183,32.86137482,55.6942,0.7622,"POLYGON((32.8614097295571 -13.5688549980157, 32.8614085610581 -13.5687875232319, 32.8613399070006 -13.568788661057, 32.8613410754798 -13.5688561358409, 32.8614097295571 -13.5688549980157))",5GRJCVJ6+FGH5
6924964,-13.56749592,32.86149799,36.9786,0.8118,"POLYGON((32.8615277890313 -13.5675215047869, 32.8615238496359 -13.5674665120002, 32.8614681775288 -13.5674703287324, 32.8614721169114 -13.5675253215201, 32.8615277890313 -13.5675215047869))",5GRJCVM6+2H55
6934815,-13.56990461,32.86589834,10.2834,0.7008,"POLYGON((32.8659129033213 -13.5699193551284, 32.8659146051914 -13.5698916837545, 32.8658837973711 -13.5698898704154, 32.8658820954976 -13.5699175417889, 32.8659129033213 -13.5699193551284))",5GRJCVJ8+29JW
6935562,-13.5680652,32.86141448,11.6004,0.7016,"POLYGON((32.8614329646028 -13.5680782559826, 32.8614329797427 -13.5680521511227, 32.861396007663 -13.5680521305987, 32.861395992519 -13.5680782354586, 32.8614329646028 -13.5680782559826))",5GRJCVJ6+QHF7
6936851,-13.57058066,32.8650576,36.4522,0.6107,"POLYGON((32.8651018792983 -13.5705866824495, 32.8650624940352 -13.5705734843918, 32.8650695548111 -13.570553319515, 32.8650357958003 -13.5705420068163, 32.8650189998631 -13.570589974323, 32.8650921441472 -13.5706144850834, 32.8651018792983 -13.5705866824495))",5GRJCVH8+Q27Q
6941195,-13.57117633,32.86514305,26.852,0.6502,"POLYGON((32.8651793778689 -13.5711704541988, 32.8651183864968 -13.571149583072, 32.8651067166905 -13.571182219548, 32.8651677080701 -13.5712030906769, 32.8651793778689 -13.5711704541988))",5GRJCVH8+G3CW
6941786,-13.56962836,32.86505487,15.0219,0.6455,"POLYGON((32.8650694978721 -13.569648815975, 32.8650725465611 -13.5696103696646, 32.8650402326112 -13.5696079173746, 32.8650371839171 -13.5696463636845, 32.8650694978721 -13.569648815975))",5GRJCVJ8+42VX
6949355,-13.56999788,32.86592112,37.1864,0.7405,"POLYGON((32.865950221013 -13.5700244165491, 32.8659494658715 -13.5699705650371, 32.8658920239474 -13.5699713359004, 32.8658927790759 -13.5700251874124, 32.865950221013 -13.5700244165491))",5GRJCVJ8+2933
6952856,-13.56830617,32.86190497,49.764,0.7356,"POLYGON((32.8619399465925 -13.5682860636664, 32.8618976847831 -13.5682877450117, 32.8618962598359 -13.5682534667476, 32.8618746014017 -13.5682543284046, 32.8618782317132 -13.5683416586933, 32.8619421519744 -13.5683391156905, 32.8619399465925 -13.5682860636664))",5GRJCVJ6+MQCQ
6953096,-13.57127047,32.86577292,79.8912,0.8017,"POLYGON((32.8658292542612 -13.5712550213423, 32.8657641723552 -13.571213871382, 32.865716577206 -13.5712859108229, 32.8657816591232 -13.5713270607954, 32.8658292542612 -13.5712550213423))",5GRJCVH8+F8R4
6956751,-13.57152548,32.86490243,41.7139,0.799,"POLYGON((32.8649416746702 -13.5715096647662, 32.8648796823964 -13.5714904268991, 32.864863188093 -13.5715412932302, 32.8649251803786 -13.5715605311015, 32.8649416746702 -13.5715096647662))",5GRJCVH7+9XJX
6960188,-13.56982363,32.86598185,8.053,0.6242,"POLYGON((32.8659955726797 -13.5698365061604, 32.8659986673269 -13.5698149722509, 32.8659681561766 -13.569810775924, 32.8659650615267 -13.5698323098331, 32.8659955726797 -13.5698365061604))",5GRJCVJ8+39H3
6976141,-13.57158487,32.86644852,16.3948,0.6185,"POLYGON((32.8664557407573 -13.5716112875421, 32.8664696844811 -13.5715505544843, 32.8664342783606 -13.5715745295826, 32.8664272750524 -13.5716050330585, 32.8664557407573 -13.5716112875421))",5GRJCVH8+9H8M
6984546,-13.56980549,32.86585748,35.4476,0.8377,"POLYGON((32.8658871189453 -13.5698303718745, 32.8658871468651 -13.5697806392911, 32.86582784467 -13.5697806074228, 32.8658278167379 -13.569830340006, 32.8658871189453 -13.5698303718745))",5GRJCVJ8+38HM
6987707,-13.56985737,32.86641774,19.0502,0.7636,"POLYGON((32.8664328143107 -13.5698811901818, 32.8664394544591 -13.5698391094488, 32.8664026657807 -13.569833553848, 32.8663960256262 -13.5698756345801, 32.8664328143107 -13.5698811901818))",5GRJCVJ8+3H3M
6988448,-13.57042281,32.86306431,10.758,0.6921,"POLYGON((32.8630827970852 -13.570433340845, 32.8630757757592 -13.5704051298828, 32.8630458236051 -13.570412264148, 32.8630528449278 -13.570440475111, 32.8630827970852 -13.570433340845))",5GRJCVH7+R6P2
6995041,-13.56745275,32.86203988,37.4947,0.787,"POLYGON((32.8620759599071 -13.5674698690862, 32.8620526628759 -13.5674155729597, 32.8620038154405 -13.5674356317366, 32.8620271124625 -13.5674899278675, 32.8620759599071 -13.5674698690862))",5GRJCVM6+2R7V
7002093,-13.56828473,32.86379945,15.5278,0.7296,"POLYGON((32.8638271133007 -13.5682957426266, 32.8638263822237 -13.5682721019246, 32.8637717845206 -13.568273717784, 32.8637725155921 -13.568297358486, 32.8638271133007 -13.5682957426266))",5GRJCVJ7+MGMP
7034401,-13.56920782,32.86304126,12.2817,0.6672,"POLYGON((32.8630569863098 -13.569224176203, 32.863059869203 -13.5691946613443, 32.8630255614568 -13.5691914543006, 32.8630226785592 -13.5692209691587, 32.8630569863098 -13.569224176203))",5GRJCVJ7+867M
7040851,-13.57141215,32.86339008,19.478,0.6675,"POLYGON((32.8634033377124 -13.5714391565674, 32.8634082310029 -13.5713880294749, 32.8633768092022 -13.5713851514299, 32.8633719159051 -13.5714362785211, 32.8634033377124 -13.5714391565674))",5GRJCVH7+C9JF
7043177,-13.56627117,32.86121306,59.299,0.8313,"POLYGON((32.8612440190295 -13.5663102662035, 32.8612474928695 -13.5662349632985, 32.8611821090892 -13.5662320765775, 32.8611786352287 -13.5663073794814, 32.8612440190295 -13.5663102662035))",5GRJCVM6+FFW5
7044854,-13.56951329,32.86496735,13.5065,0.6296,"POLYGON((32.864978435849 -13.569534093167, 32.8649891985711 -13.5695036210472, 32.8649562541333 -13.5694924851538, 32.8649454914075 -13.5695229572722, 32.864978435849 -13.569534093167))",5GRJCVJ7+5XWH
7050192,-13.5708008,32.86432295,29.862,0.7358,"POLYGON((32.8643542817566 -13.5707825028192, 32.8642956799826 -13.570777066903, 32.8642916072007 -13.5708190860556, 32.8643502089848 -13.5708245219726, 32.8643542817566 -13.5707825028192))",5GRJCVH7+MPGV
7055726,-13.56830822,32.8614883,51.6155,0.8163,"POLYGON((32.8614961 -13.5683413, 32.861521 -13.568341, 32.8615204 -13.5682748, 32.8614556 -13.5682754, 32.8614562 -13.5683417, 32.8614961 -13.5683413))",5GRJCVJ6+MHHP
7061531,-13.57025939,32.8648341,13.6625,0.6355,"POLYGON((32.8648483768545 -13.5702804338173, 32.8648458680897 -13.5702369079804, 32.864819834789 -13.5702383440065, 32.8648223435491 -13.5702818698437, 32.8648483768545 -13.5702804338173))",5GRJCVH7+VWWP
7072759,-13.57157883,32.86498194,43.931,0.8122,"POLYGON((32.8650057878355 -13.5716141050596, 32.8650188771039 -13.5715568369084, 32.8649580918445 -13.5715435410467, 32.864945002562 -13.5716008091946, 32.8650057878355 -13.5716141050596))",5GRJCVH7+9X9V
7076420,-13.56959351,32.86497945,5.8941,0.6279,"POLYGON((32.8649916756304 -13.5696034536731, 32.8649908894401 -13.5695827572161, 32.8649672276011 -13.5695836174226, 32.8649680137894 -13.5696043138797, 32.8649916756304 -13.5696034536731))",5GRJCVJ7+5X97
7078395,-13.57139275,32.86580539,10.4364,0.6802,"POLYGON((32.8658174344977 -13.5714096745892, 32.8658230724294 -13.5713815220506, 32.8657933691874 -13.5713758292929, 32.8657877312524 -13.571403981831, 32.8658174344977 -13.5714096745892))",5GRJCVH8+C8V9
7081218,-13.56828337,32.86272444,9.5472,0.6651,"POLYGON((32.8627427814747 -13.5682916925954, 32.8627349667583 -13.568266490967, 32.8627061040987 -13.5682750563906, 32.8627139188121 -13.5683002580201, 32.8627427814747 -13.5682916925954))",5GRJCVJ7+M3QJ
7081592,-13.57016415,32.86554492,31.3028,0.7944,"POLYGON((32.8655804584435 -13.5701527308622, 32.8655228356885 -13.5701346200551, 32.8655093809558 -13.5701755887508, 32.8655670037195 -13.5701936995611, 32.8655804584435 -13.5701527308622))",5GRJCVH8+W6MF
7084236,-13.57063307,32.86501121,17.5795,0.6264,"POLYGON((32.8650196859472 -13.5706609841814, 32.8650307110066 -13.5706110678483, 32.865002716541 -13.5706051504624, 32.8649916914749 -13.5706550667941, 32.8650196859472 -13.5706609841814))",5GRJCVH8+P2RM
7086607,-13.56977731,32.86169776,16.3483,0.756,"POLYGON((32.8617166536147 -13.5697955967367, 32.8617194981234 -13.5697623645698, 32.8616788534794 -13.5697590351021, 32.8616760089651 -13.5697922672684, 32.8617166536147 -13.5697955967367))",5GRJCVJ6+3MPV
7087523,-13.57085358,32.86552948,28.0518,0.7596,"POLYGON((32.8655581991202 -13.5708346414671, 32.8655134164525 -13.5708235510804, 32.8655007422864 -13.5708725290705, 32.8655455249627 -13.5708836194596, 32.8655581991202 -13.5708346414671))",5GRJCVH8+M62X
7088872,-13.56781707,32.86224916,51.9066,0.811,"POLYGON((32.8622881018149 -13.567843730365, 32.8622674540958 -13.5677741531941, 32.8622102095764 -13.5677904112556, 32.8622308572801 -13.567859988431, 32.8622881018149 -13.567843730365))",5GRJCVJ6+VVH9
7089063,-13.56819144,32.86113964,15.698,0.7656,"POLYGON((32.8611563308994 -13.5682107304077, 32.8611596543429 -13.5681754491972, 32.8611229473304 -13.568172140001, 32.8611196238816 -13.5682074212109, 32.8611563308994 -13.5682107304077))",5GRJCVJ6+PFC7
7089786,-13.57132607,32.86431977,26.2358,0.7138,"POLYGON((32.8643513662658 -13.5713412741211, 32.864347532577 -13.5713048860341, 32.8642881754844 -13.5713108707898, 32.864292009164 -13.5713472588777, 32.8643513662658 -13.5713412741211))",5GRJCVH7+FP8R
7091287,-13.57057767,32.86550244,36.4995,0.6334,"POLYGON((32.8654703672091 -13.5705507148274, 32.8654625983964 -13.5705915242682, 32.865534517764 -13.5706046269153, 32.8655422865652 -13.5705638174718, 32.8654703672091 -13.5705507148274))",5GRJCVH8+Q66R
7095386,-13.56837118,32.86396841,49.653,0.8002,"POLYGON((32.8640004535463 -13.5684035781114, 32.8639979691588 -13.5683366037998, 32.8639363682437 -13.568338790677, 32.8639388526138 -13.568405764989, 32.8640004535463 -13.5684035781114))",5GRJCVJ7+MH45
7097236,-13.5694651,32.86368154,15.8332,0.6606,"POLYGON((32.8637033502744 -13.5694508222436, 32.8636719156034 -13.5694412141611, 32.8636597218908 -13.5694793937858, 32.8636911565664 -13.56948900187, 32.8637033502744 -13.5694508222436))",5GRJCVJ7+6F79
7114906,-13.56758497,32.86093347,48.7914,0.7308,"POLYGON((32.8609638997196 -13.5676183141841, 32.8609706913064 -13.5675590374094, 32.8609030585613 -13.567551621322, 32.8608962669574 -13.5676108980946, 32.8609638997196 -13.5676183141841))",5GRJCVJ6+X97Q
7116534,-13.56629226,32.86099623,46.8178,0.802,"POLYGON((32.8610179578669 -13.5663304988809, 32.8610330734513 -13.5662674749186, 32.8609744934857 -13.566254028584, 32.8609593778868 -13.5663170525424, 32.8610179578669 -13.5663304988809))",5GRJCVM6+F9Q9
7124363,-13.56555528,32.86113611,21.9903,0.7582,"POLYGON((32.8611577011925 -13.5655765541, 32.8611557743326 -13.5655322849822, 32.8611145209352 -13.5655340034691, 32.8611164477875 -13.5655782725871, 32.8611577011925 -13.5655765541))",5GRJCVM6+QFCM
7146635,-13.57135846,32.86477439,25.9353,0.7664,"POLYGON((32.8648042302066 -13.5713440478247, 32.8647569607796 -13.5713307240861, 32.8647445462131 -13.5713728745374, 32.8647918156477 -13.5713861982784, 32.8648042302066 -13.5713440478247))",5GRJCVH7+FW2Q
7147939,-13.57012634,32.86304862,18.7161,0.7243,"POLYGON((32.8630760326305 -13.5701400494702, 32.8630752667306 -13.5701112665723, 32.8630212023331 -13.5701126433637, 32.8630219682264 -13.5701414262617, 32.8630760326305 -13.5701400494702))",5GRJCVH7+W6VW
7149749,-13.56942448,32.86206681,59.409,0.7719,"POLYGON((32.8621050431908 -13.569392540024, 32.8620328531712 -13.5693881978322, 32.8620285660153 -13.5694564097315, 32.8621007560555 -13.5694607519248, 32.8621050431908 -13.569392540024))",5GRJCVJ6+6RP2
7150189,-13.56960706,32.86445296,48.9279,0.8137,"POLYGON((32.864492019995 -13.5695838029941, 32.8644255263754 -13.5695712840451, 32.8644139126576 -13.5696303185787, 32.8644804062931 -13.5696428375308, 32.864492019995 -13.5695838029941))",5GRJCVJ7+5Q4M
7157240,-13.56992763,32.86243709,9.9702,0.6175,"POLYGON((32.8624537073161 -13.5699396604509, 32.8624513454586 -13.5699129905495, 32.8624204739453 -13.5699156069954, 32.8624228357993 -13.5699422768971, 32.8624537073161 -13.5699396604509))",5GRJCVJ6+2XFX
7162183,-13.57026048,32.86587963,25.2166,0.7013,"POLYGON((32.8658972603018 -13.5702874906336, 32.8659065122396 -13.5702421634639, 32.8658620005465 -13.5702334684741, 32.8658527486006 -13.5702787956423, 32.8658972603018 -13.5702874906336))",5GRJCVH8+V9RC
7163109,-13.5694119,32.86490949,62.8805,0.8215,"POLYGON((32.8649512986974 -13.5693817450963, 32.8648845094736 -13.5693673504661, 32.8648676858077 -13.5694420555305, 32.8649344750512 -13.5694564501654, 32.8649512986974 -13.5693817450963))",5GRJCVJ7+6XMC
7166323,-13.56652873,32.86101376,48.4747,0.8069,"POLYGON((32.8610522206308 -13.5665050719884, 32.8609874950599 -13.5664924592677, 32.8609752922922 -13.5665523913883, 32.8610400178786 -13.5665650041122, 32.8610522206308 -13.5665050719884))",5GRJCVM6+9CJV
7174534,-13.56942841,32.86277085,32.0123,0.7981,"POLYGON((32.8627978999576 -13.5694036463974, 32.8627492188315 -13.569398989255, 32.8627438015412 -13.5694531826653, 32.8627924826784 -13.569457839809, 32.8627978999576 -13.5694036463974))",5GRJCVJ7+64CW
7181059,-13.57028956,32.86512379,27.8503,0.7329,"POLYGON((32.865141489669 -13.5703194661812, 32.8651471978484 -13.5702636745132, 32.8651060774971 -13.5702596482143, 32.8651003693074 -13.570315439881, 32.865141489669 -13.5703194661812))",5GRJCVH8+V2QH
7181287,-13.57038081,32.86444776,6.8274,0.6281,"POLYGON((32.8644603315281 -13.5703923379446, 32.8644566298339 -13.5703663705496, 32.8644351720639 -13.5703692979137, 32.8644388737559 -13.5703952653095, 32.8644603315281 -13.5703923379446))",5GRJCVH7+RQWM
7188268,-13.56704263,32.86105957,44.257,0.8374,"POLYGON((32.8610769155146 -13.5670823702178, 32.8610941815421 -13.5670157844321, 32.8610422256297 -13.5670028907003, 32.8610249595886 -13.5670694764823, 32.8610769155146 -13.5670823702178))",5GRJCVM6+5CM9
7200468,-13.57161412,32.86612072,30.2742,0.7754,"POLYGON((32.8661562867633 -13.5716090461694, 32.8661185006074 -13.5715790167784, 32.8660851525461 -13.5716191748039, 32.866122938704 -13.5716492042, 32.8661562867633 -13.5716090461694))",5GRJCVH8+9C5H
7208123,-13.56910141,32.86254296,25.2585,0.7775,"POLYGON((32.8625637064961 -13.569127111478, 32.8625622246605 -13.569074621275, 32.8625222189718 -13.5690757021294, 32.8625237007987 -13.5691281923326, 32.8625637064961 -13.569127111478))",5GRJCVJ7+923V
7211703,-13.56701747,32.86099695,19.701,0.7211,"POLYGON((32.861008886271 -13.5670445355587, 32.8610178816002 -13.5669962772878, 32.8609850093999 -13.566990413113, 32.8609760140643 -13.5670386713826, 32.861008886271 -13.5670445355587))",5GRJCVM6+59X9
7213754,-13.56846565,32.86153161,35.3227,0.8238,"POLYGON((32.8615590502481 -13.5684925639196, 32.8615561743934 -13.5684361940919, 32.8615041688825 -13.5684387332864, 32.8615070447249 -13.5684951031147, 32.8615590502481 -13.5684925639196))",5GRJCVJ6+JJ76
7214826,-13.57052763,32.86457551,24.0505,0.6961,"POLYGON((32.8646052737249 -13.5705145959513, 32.8645545139971 -13.5705032032839, 32.8645457310824 -13.5705406532988, 32.8645964908177 -13.5705520459681, 32.8646052737249 -13.5705145959513))",5GRJCVH7+QRPV
7216732,-13.57076931,32.86461189,66.7321,0.795,"POLYGON((32.8646549615819 -13.5707386302563, 32.8645816188259 -13.5707264218721, 32.8645688223327 -13.5707999931645, 32.8646421651107 -13.5708122015526, 32.8646549615819 -13.5707386302563))",5GRJCVH7+MRX8
7219514,-13.56741284,32.86246472,45.3479,0.8111,"POLYGON((32.8625056227987 -13.5674285307222, 32.8624823280103 -13.5673734675288, 32.8624238285038 -13.567397152925, 32.862447123281 -13.5674522161236, 32.8625056227987 -13.5674285307222))",5GRJCVM6+2XPH
7223389,-13.5697088,32.86487379,104.7678,0.8229,"POLYGON((32.8649028089778 -13.5697680384185, 32.8649289156325 -13.5696711506979, 32.864844685737 -13.5696495628389, 32.8648187283437 -13.5697464888138, 32.8649028089778 -13.5697680384185))",5GRJCVJ7+4W9Q
7223446,-13.56799614,32.8603197,17.189,0.713,"POLYGON((32.8603333978431 -13.5680197221309, 32.8603383688396 -13.5679760762844, 32.8603060041985 -13.5679725485112, 32.8603010331961 -13.5680161943572, 32.8603333978431 -13.5680197221309))",5GRJCVJ6+R442
7232530,-13.56503475,32.86442402,125.6617,0.8107,"POLYGON((32.8644512323698 -13.5651028886884, 32.8644428843246 -13.5650308200998, 32.8644895510987 -13.5650256465715, 32.8644835715442 -13.5649740251998, 32.8643729277441 -13.5649862912751, 32.8643872553009 -13.5651099812398, 32.8644512323698 -13.5651028886884))",5GRJCVM7+XQMP
7238001,-13.56740801,32.86119882,10.5015,0.7026,"POLYGON((32.8612138236544 -13.5674225681898, 32.8612138405489 -13.5673934827853, 32.8611838008171 -13.567393466084, 32.8611837839191 -13.5674225514888, 32.8612138236544 -13.5674225681898))",5GRJCVM6+2FPM
7240694,-13.5654337,32.86093563,24.8396,0.8072,"POLYGON((32.8609682675337 -13.5654363311288, 32.8609439065288 -13.5654027106381, 32.8609029947343 -13.5654310818673, 32.8609273557363 -13.5654647023619, 32.8609682675337 -13.5654363311288))",5GRJCVM6+R9FQ
7243500,-13.57017323,32.86449295,11.5783,0.6367,"POLYGON((32.8645077148676 -13.5701897388156, 32.8645065199096 -13.5701557789984, 32.8644781870467 -13.5701567331083, 32.8644793820007 -13.5701906929248, 32.8645077148676 -13.5701897388156))",5GRJCVH7+WQQ5
7244113,-13.56871703,32.86198938,32.0229,0.7762,"POLYGON((32.8620213995451 -13.5687352532367, 32.8620118713 -13.5686882287908, 32.8619573555847 -13.5686988003022, 32.8619668838194 -13.56874582475, 32.8620213995451 -13.5687352532367))",5GRJCVJ6+GQ98
7258002,-13.56987531,32.86589453,37.7904,0.6918,"POLYGON((32.865947199733 -13.569863217762, 32.8658437202946 -13.5698571269906, 32.8658418582916 -13.5698874018874, 32.8659453377432 -13.5698934926596, 32.865947199733 -13.569863217762))",5GRJCVJ8+29RW
7260946,-13.56601864,32.86093865,18.6594,0.7182,"POLYGON((32.8609591147274 -13.566037592965, 32.8609573139332 -13.5659979920327, 32.8609181891806 -13.5659996947631, 32.8609199899687 -13.5660392956955, 32.8609591147274 -13.566037592965))",5GRJCVM6+H9W6
7268063,-13.56715912,32.86074771,40.6007,0.7665,"POLYGON((32.8607795511804 -13.5671320442466, 32.8607286019814 -13.5671223196021, 32.8607158641667 -13.5671861886536, 32.8607668133786 -13.5671959133008, 32.8607795511804 -13.5671320442466))",5GRJCVM6+47QQ
7271388,-13.57013136,32.86426578,39.5428,0.6204,"POLYGON((32.864297 -13.5701565, 32.8642778 -13.5700834, 32.8642484 -13.5700908, 32.8642581 -13.5701277, 32.8642322 -13.5701342, 32.8642417 -13.5701704, 32.864297 -13.5701565))",5GRJCVH7+WPRP
7276654,-13.56852279,32.86169828,44.3452,0.808,"POLYGON((32.8617333203984 -13.5685479190254, 32.8617224571361 -13.5684874758546, 32.8616632465931 -13.5684976603352, 32.8616741098413 -13.5685581035084, 32.8617333203984 -13.5685479190254))",5GRJCVJ6+HMW3
7278320,-13.5710475,32.86476017,30.9096,0.7522,"POLYGON((32.8647789315145 -13.5710782262058, 32.8647874395113 -13.5710236394151, 32.8647413977525 -13.5710167717411, 32.8647328897454 -13.57107135853, 32.8647789315145 -13.5710782262058))",5GRJCVH7+HWJ3
7286078,-13.57034373,32.86297054,34.1143,0.8091,"POLYGON((32.8629994848199 -13.5703679633529, 32.8629956780157 -13.5703157335359, 32.8629416098649 -13.5703195049427, 32.8629454166572 -13.570371734759, 32.8629994848199 -13.5703679633529))",5GRJCVH7+V596
7287229,-13.57179854,32.86306829,43.0848,0.7406,"POLYGON((32.8631021465093 -13.5717718910326, 32.8630500756667 -13.5717599431206, 32.8630344304526 -13.5718251958779, 32.8630865013094 -13.5718371437931, 32.8631021465093 -13.5717718910326))",5GRJCVH7+76P2
7288900,-13.57165444,32.86499488,19.506,0.716,"POLYGON((32.8650128981079 -13.5716765021763, 32.8650190917129 -13.5716390576374, 32.8649768557209 -13.5716323718365, 32.8649706621094 -13.5716698163743, 32.8650128981079 -13.5716765021763))",5GRJCVH7+8XQX
7294847,-13.56625121,32.86017946,18.5144,0.6726,"POLYGON((32.8601938075359 -13.5662751666003, 32.8602003937793 -13.5662324797797, 32.8601651119911 -13.5662272698691, 32.8601585257416 -13.5662699566886, 32.8601938075359 -13.5662751666003))",5GRJCVM6+F3VW
7295249,-13.56948409,32.8609954,9.6877,0.6439,"POLYGON((32.8610079357477 -13.569500787142, 32.8610061741129 -13.569466253779, 32.8609828918009 -13.5694673904276, 32.8609846534323 -13.5695019237908, 32.8610079357477 -13.569500787142))",5GRJCVJ6+695Q
7299248,-13.57159507,32.8651445,24.3496,0.6904,"POLYGON((32.8651736241116 -13.5715815150346, 32.865127851021 -13.5715680441603, 32.8651153698952 -13.5716086308648, 32.8651611429927 -13.5716221017414, 32.8651736241116 -13.5715815150346))",5GRJCVH8+9364
7307319,-13.56886975,32.86179406,29.0069,0.7678,"POLYGON((32.8618251169631 -13.5688526372645, 32.8617695882084 -13.5688443854145, 32.8617629918122 -13.5688868668159, 32.8618185205764 -13.5688951186675, 32.8618251169631 -13.5688526372645))",5GRJCVJ6+FP37
7309803,-13.56887287,32.86185382,42.7693,0.8047,"POLYGON((32.8618814704805 -13.5689047199885, 32.8618883556778 -13.5688482894441, 32.861826183406 -13.568841029636, 32.8618192981942 -13.5688974601786, 32.8618814704805 -13.5689047199885))",5GRJCVJ6+FP53
7315085,-13.57119515,32.8652254,14.4061,0.7531,"POLYGON((32.8652492881114 -13.5711863703198, 32.8652088672491 -13.571176138904, 32.865201516401 -13.5712039311951, 32.8652419372674 -13.5712141626121, 32.8652492881114 -13.5711863703198))",5GRJCVH8+G3H2
7316663,-13.56896644,32.86241506,50.0695,0.8427,"POLYGON((32.8624432856442 -13.5690021981471, 32.862450111414 -13.5689370422396, 32.8623868404567 -13.5689306987499, 32.8623800146699 -13.5689958546555, 32.8624432856442 -13.5690021981471))",5GRJCVJ6+CX77
7319013,-13.57060507,32.86484901,23.4811,0.8228,"POLYGON((32.8648600228763 -13.5706367673706, 32.8648708487268 -13.570579295507, 32.8648379721581 -13.5705733688094, 32.8648271463 -13.5706308406714, 32.8648600228763 -13.5706367673706))",5GRJCVH7+QW5J
7319722,-13.57085182,32.86529847,42.0119,0.8079,"POLYGON((32.8653353057309 -13.5708314603525, 32.8652754402901 -13.5708170953409, 32.8652616313432 -13.5708721696436, 32.8653214967969 -13.5708865346586, 32.8653353057309 -13.5708314603525))",5GRJCVH8+M43W
7319914,-13.57157717,32.8646986,37.6202,0.7902,"POLYGON((32.8647292959502 -13.5716030748114, 32.8647314292815 -13.5715538847068, 32.8646679122049 -13.5715512484473, 32.8646657788607 -13.5716004385512, 32.8647292959502 -13.5716030748114))",5GRJCVH7+9V8V
7325296,-13.57068102,32.86516115,15.6669,0.6373,"POLYGON((32.8651844490541 -13.5706701637534, 32.8651494324109 -13.5706585284317, 32.8651378446283 -13.5706919029837, 32.865172861276 -13.5707035383073, 32.8651844490541 -13.5706701637534))",5GRJCVH8+P3FJ
7329798,-13.57201606,32.86491761,17.5979,0.7373,"POLYGON((32.8649419706733 -13.5720035905305, 32.8649015669138 -13.5719942200968, 32.8648932522558 -13.5720285300777, 32.8649336560207 -13.5720379005128, 32.8649419706733 -13.5720035905305))",5GRJCVH7+5XV7
7332894,-13.57039634,32.86484368,24.7346,0.7171,"POLYGON((32.8648200687311 -13.5703733546976, 32.8648138585073 -13.5704108749508, 32.8648673056213 -13.570419341094, 32.8648735158368 -13.5703818208394, 32.8648200687311 -13.5703733546976))",5GRJCVH7+RWW5
7347361,-13.57165041,32.86516564,32.3152,0.7569,"POLYGON((32.8652019065402 -13.5716313188291, 32.8651710766079 -13.5716104761306, 32.8651293822978 -13.5716694977139, 32.8651602122338 -13.5716903404179, 32.8652019065402 -13.5716313188291))",5GRJCVH8+83MV
7347595,-13.5691564,32.86206973,41.9663,0.8326,"POLYGON((32.8621007562447 -13.5691844583841, 32.8620977734325 -13.5691254841249, 32.8620387125697 -13.5691283429456, 32.8620416953677 -13.5691873172053, 32.8621007562447 -13.5691844583841))",5GRJCVJ6+8RPJ
7349238,-13.5710513,32.86435752,83.9476,0.774,"POLYGON((32.8643691595269 -13.5711338391405, 32.864388901268 -13.5709738449149, 32.8643458735307 -13.5709687639325, 32.864326131761 -13.5711287581545, 32.8643691595269 -13.5711338391405))",5GRJCVH7+HPHV
7349531,-13.56851948,32.86300054,53.6965,0.8302,"POLYGON((32.8630407556354 -13.5684941359631, 32.8629773299908 -13.5684785629908, 32.8629603298305 -13.5685448263233, 32.8630237554915 -13.5685603992998, 32.8630407556354 -13.5684941359631))",5GRJCVJ7+H6R6
7377423,-13.56605953,32.86047174,30.4242,0.7752,"POLYGON((32.8604959184344 -13.5660864458741, 32.8604918960106 -13.5660296119999, 32.8604475706266 -13.5660326144011, 32.8604515930398 -13.5660894482758, 32.8604959184344 -13.5660864458741))",5GRJCVM6+H5HJ
7381013,-13.57007505,32.86465822,32.0604,0.758,"POLYGON((32.8646867059438 -13.5700520748163, 32.8646347345245 -13.5700471685445, 32.8646297183716 -13.570098020124, 32.8646816898016 -13.5701029263988, 32.8646867059438 -13.5700520748163))",5GRJCVH7+XV7R
7385283,-13.57056709,32.86585665,45.0768,0.7723,"POLYGON((32.8658648845361 -13.5706154513862, 32.8658890326369 -13.5705296664584, 32.8658483955046 -13.570518718965, 32.8658242473904 -13.5706045038885, 32.8658648845361 -13.5706154513862))",5GRJCVH8+Q8H7
7385592,-13.56680354,32.86074326,18.2601,0.7679,"POLYGON((32.8607650028782 -13.5667864613704, 32.8607247243979 -13.566783148966, 32.8607215060831 -13.5668206023694, 32.8607617845696 -13.5668239147743, 32.8607650028782 -13.5667864613704))",5GRJCVM6+77HX
7386284,-13.56684853,32.86180593,64.8446,0.8427,"POLYGON((32.861843137374 -13.5668863158506, 32.8618323616713 -13.5668028762332, 32.8617687197251 -13.5668107421546, 32.8617794954059 -13.5668941817745, 32.861843137374 -13.5668863158506))",5GRJCVM6+7P75
7390500,-13.57038425,32.86549554,49.7629,0.7561,"POLYGON((32.8655394581173 -13.5703691274696, 32.8654709148326 -13.5703455961772, 32.8654516223119 -13.5703993770841, 32.8655201656104 -13.5704229083821, 32.8655394581173 -13.5703691274696))",5GRJCVH8+R5XQ
7394481,-13.57104452,32.86232459,24.2324,0.7338,"POLYGON((32.8623506857833 -13.5710631461596, 32.8623475445845 -13.5710222810679, 32.8622984852929 -13.5710258900224, 32.8623016264834 -13.5710667551147, 32.8623506857833 -13.5710631461596))",5GRJCVH6+HWP7
7395135,-13.56940069,32.86476742,43.9578,0.7605,"POLYGON((32.8648086389758 -13.5693830801864, 32.8647349978333 -13.5693701866188, 32.8647261939285 -13.5694183089025, 32.8647998350852 -13.5694312024727, 32.8648086389758 -13.5693830801864))",5GRJCVJ7+6WJW
7395646,-13.57053202,32.86299971,28.8757,0.8026,"POLYGON((32.8630291461602 -13.5705509918597, 32.8630232825565 -13.5705063886635, 32.8629702956021 -13.5705130549945, 32.862976159196 -13.5705576581917, 32.8630291461602 -13.5705509918597))",5GRJCVH7+Q5QQ
7397825,-13.57036803,32.86380884,30.4014,0.7443,"POLYGON((32.8638379268097 -13.5703890316783, 32.8638259130016 -13.5703368619238, 32.8637797705758 -13.5703470310209, 32.8637917843742 -13.5703992007777, 32.8638379268097 -13.5703890316783))",5GRJCVH7+VG39
7404079,-13.56720701,32.86073816,20.3024,0.699,"POLYGON((32.8607668133786 -13.5671959133008, 32.8607158641667 -13.5671861886536, 32.8607094946169 -13.5672181263875, 32.8607604438353 -13.5672278510359, 32.8607668133786 -13.5671959133008))",5GRJCVM6+479P
7404571,-13.5700901,32.86449002,20.2808,0.7278,"POLYGON((32.8645052384458 -13.5701193607428, 32.8645031453323 -13.57005987598, 32.8644748124807 -13.5700608300889, 32.8644769055872 -13.5701203148518, 32.8645052384458 -13.5701193607428))",5GRJCVH7+XQ98
7405768,-13.56830795,32.86262323,52.6494,0.734,"POLYGON((32.8626695 -13.568318, 32.8626296 -13.568262, 32.8626052 -13.5682786, 32.862577 -13.5682979, 32.8626168 -13.5683539, 32.8626695 -13.568318))",5GRJCVJ7+M2HQ
7405821,-13.57141819,32.86482362,18.2596,0.6654,"POLYGON((32.8648567314941 -13.5714160446117, 32.864798601141 -13.5713968901962, 32.8647905196236 -13.5714203618222, 32.8648486499818 -13.5714395162396, 32.8648567314941 -13.5714160446117))",5GRJCVH7+CWP7
7406019,-13.56874675,32.86214016,41.5748,0.8294,"POLYGON((32.8621701608449 -13.5687766370226, 32.8621616439723 -13.568710509199, 32.8621101533528 -13.5687168559279, 32.8621186702115 -13.5687829837529, 32.8621701608449 -13.5687766370226))",5GRJCVJ6+GV23
7409918,-13.57193103,32.86471637,54.3737,0.7939,"POLYGON((32.8647424953272 -13.5719761639618, 32.8647394616109 -13.5718843515281, 32.8646902392632 -13.5718859080274, 32.8646932729609 -13.5719777204615, 32.8647424953272 -13.5719761639618))",5GRJCVH7+6VGQ
7411870,-13.56799653,32.86448669,241.8459,0.8298,"POLYGON((32.8645940494621 -13.5680391898637, 32.8645891147748 -13.5679435199421, 32.8643793270251 -13.5679538758863, 32.8643842616287 -13.5680495458112, 32.8645940494621 -13.5680391898637))",5GRJCVJ7+RQ54
7418359,-13.56824763,32.86172796,23.1455,0.7501,"POLYGON((32.8617473314469 -13.5682751601624, 32.861741279224 -13.5682168600028, 32.8617085857183 -13.568220108141, 32.8617146379333 -13.5682784083013, 32.8617473314469 -13.5682751601624))",5GRJCVJ6+PM53
7423232,-13.57029549,32.86233266,35.8697,0.8067,"POLYGON((32.8623630925772 -13.5703197101521, 32.8623613049494 -13.5702692452686, 32.8623022382055 -13.5702712476642, 32.8623040258208 -13.570321712548, 32.8623630925772 -13.5703197101521))",5GRJCVH6+VWP4
7428100,-13.56921885,32.86482733,12.8323,0.7107,"POLYGON((32.8648447828509 -13.5692351033277, 32.8648489052187 -13.5692083529852, 32.8648098805601 -13.5692025975094, 32.8648057581881 -13.5692293478511, 32.8648447828509 -13.5692351033277))",5GRJCVJ7+8W87
7446326,-13.56928416,32.86277247,9.4782,0.6201,"POLYGON((32.8627887947282 -13.5692970997567, 32.862791192627 -13.569274832756, 32.8627561661476 -13.5692712228975, 32.8627537682456 -13.5692934898979, 32.8627887947282 -13.5692970997567))",5GRJCVJ7+74JP
7448676,-13.57019971,32.86554659,24.4531,0.6608,"POLYGON((32.8655912128181 -13.5702013084659, 32.8655093809558 -13.5701755887508, 32.8655019798281 -13.5701981246472, 32.8655838116973 -13.5702238443649, 32.8655912128181 -13.5702013084659))",5GRJCVH8+W6F3
7449363,-13.57131983,32.86509006,17.4984,0.6174,"POLYGON((32.8650977107088 -13.5713457842356, 32.8651143128902 -13.5713069269843, 32.8650824177614 -13.5712938852836, 32.8650658155756 -13.5713327425333, 32.8650977107088 -13.5713457842356))",5GRJCVH8+F2G9
7459524,-13.57033171,32.8612482,31.1528,0.8104,"POLYGON((32.8612792118782 -13.570312119872, 32.861221496765 -13.5703067805715, 32.8612171940544 -13.5703512915532, 32.8612749091782 -13.5703566308548, 32.8612792118782 -13.570312119872))",5GRJCVH6+VF9Q
7462916,-13.56788195,32.86147562,13.0664,0.718,"POLYGON((32.8614931490774 -13.5678974435719, 32.8614931670385 -13.5678664604498, 32.861458079675 -13.5678664409808, 32.8614580617092 -13.5678974241029, 32.8614931490774 -13.5678974435719))",5GRJCVJ6+RHXJ
7468756,-13.56970823,32.86586585,12.6142,0.606,"POLYGON((32.8658823128301 -13.5697246384671, 32.865878217297 -13.5696886647451, 32.8658494006696 -13.5696918044635, 32.8658534961985 -13.5697277781858, 32.8658823128301 -13.5697246384671))",5GRJCVJ8+489P
7474130,-13.57024357,32.86505057,49.984,0.7439,"POLYGON((32.8650815 -13.5702837, 32.8650881 -13.5702194, 32.8650087 -13.5702116, 32.8650048 -13.5702497, 32.8650425 -13.5702534, 32.8650398 -13.5702796, 32.8650815 -13.5702837))",5GRJCVH8+W238
7475519,-13.5657695,32.86068546,13.5227,0.6744,"POLYGON((32.8607001791391 -13.5657890350156, 32.8606989016364 -13.5657491159507, 32.8606707454633 -13.5657499783167, 32.8606720229614 -13.5657898973816, 32.8607001791391 -13.5657890350156))",5GRJCVM6+M7V9
7476782,-13.56749719,32.86133563,31.0421,0.7667,"POLYGON((32.8613682132496 -13.5675162782528, 32.8613666047469 -13.5674757012987, 32.8613030513121 -13.5674781123745, 32.8613046598041 -13.5675186893288, 32.8613682132496 -13.5675162782528))",5GRJCVM6+2G44
7477877,-13.56968351,32.86517354,62.4008,0.8065,"POLYGON((32.8652169274595 -13.5697135481875, 32.8652172667914 -13.5696539574936, 32.8651301459007 -13.5696534826991, 32.8651298065473 -13.5697130733932, 32.8652169274595 -13.5697135481875))",5GRJCVJ8+43FP
7489934,-13.56667666,32.86047347,56.1642,0.7062,"POLYGON((32.8605193537933 -13.5666592182622, 32.8604481649111 -13.5666353571001, 32.860427591448 -13.5666941008599, 32.8604987803445 -13.5667179620277, 32.8605193537933 -13.5666592182622))",5GRJCVM6+85HR
7493539,-13.57105532,32.86424349,80.6972,0.8326,"POLYGON((32.8642921514743 -13.5710233769755, 32.8642088810109 -13.5710090533785, 32.8641948233132 -13.5710872648356, 32.8642780938028 -13.5711015884374, 32.8642921514743 -13.5710233769755))",5GRJCVH7+HMHQ
7498032,-13.56481855,32.86529632,332.3827,0.7845,"POLYGON((32.8654252062779 -13.5648634431047, 32.8654164860167 -13.564794339204, 32.8653894227784 -13.5647976076949, 32.8653824760727 -13.5647425582965, 32.8651924375733 -13.5647655096078, 32.8651948799874 -13.5647848647243, 32.8651779472238 -13.5647869097192, 32.865191171664 -13.5648917079142, 32.8654252062779 -13.5648634431047))",5GRJCVP8+34F7
7501543,-13.57154797,32.86365655,36.3667,0.7894,"POLYGON((32.863687590396 -13.5715719039108, 32.8636851368702 -13.5715212736377, 32.8636255093504 -13.5715240389352, 32.8636279628635 -13.5715746692089, 32.863687590396 -13.5715719039108))",5GRJCVH7+9FM2
7507728,-13.56826977,32.86191811,17.4407,0.6808,"POLYGON((32.8619399465925 -13.5682860636664, 32.8619385216396 -13.5682517854029, 32.8618962598359 -13.5682534667476, 32.8618976847831 -13.5682877450117, 32.8619399465925 -13.5682860636664))",5GRJCVJ6+MQV7
7508478,-13.57070483,32.86501009,28.6528,0.6671,"POLYGON((32.8650302381889 -13.5707331417307, 32.8650424273296 -13.5706911001506, 32.8649899452305 -13.5706765380368, 32.8649777560815 -13.5707185796142, 32.8650302381889 -13.5707331417307))",5GRJCVH8+P26V
7518640,-13.57167124,32.86554209,37.8393,0.7913,"POLYGON((32.8655799162874 -13.5716581553287, 32.8655299762072 -13.5716338135073, 32.8655042539793 -13.5716843168441, 32.8655541940674 -13.5717086586706, 32.8655799162874 -13.5716581553287))",5GRJCVH8+86M3
7518748,-13.57024553,32.86441325,57.1205,0.7904,"POLYGON((32.8644525515406 -13.5702750344294, 32.8644375217775 -13.5702032909674, 32.8643739496119 -13.5702160364784, 32.8643889793569 -13.570287779944, 32.8644525515406 -13.5702750344294))",5GRJCVH7+WQ32
7527487,-13.56672608,32.8607775,11.3005,0.6063,"POLYGON((32.8607938267838 -13.5667410077799, 32.8607966717764 -13.566714821453, 32.8607611688294 -13.5667111299348, 32.860758323833 -13.5667373162613, 32.8607938267838 -13.5667410077799))",5GRJCVM6+882X
7528532,-13.57070642,32.86519973,37.4616,0.7565,"POLYGON((32.8652344295075 -13.5706867712359, 32.8651844490541 -13.5706701637534, 32.8651650366683 -13.5707260743552, 32.8652150171325 -13.5707426818418, 32.8652344295075 -13.5706867712359))",5GRJCVH8+P38M
7530167,-13.5703052,32.86176442,9.1803,0.6371,"POLYGON((32.8617782815898 -13.5703189829713, 32.8617782975279 -13.570291437877, 32.8617505682078 -13.5702914225202, 32.8617505522664 -13.5703189676147, 32.8617782815898 -13.5703189829713))",5GRJCVH6+VPCM
7537153,-13.56595287,32.86061698,11.3773,0.7135,"POLYGON((32.8606300506841 -13.5659709552682, 32.8606300717791 -13.5659347861135, 32.8606039008091 -13.5659347715039, 32.8606038797103 -13.5659709406586, 32.8606300506841 -13.5659709552682))",5GRJCVM6+J69W
7545608,-13.56568327,32.86144582,60.4715,0.7817,"POLYGON((32.8614779025739 -13.5657216102795, 32.8614693546296 -13.5656238549439, 32.8614324103841 -13.5656269467005, 32.8614375570914 -13.5656858051891, 32.8614019988307 -13.5656887809512, 32.8614054000468 -13.5657276777997, 32.8614779025739 -13.5657216102795))",5GRJCVM6+PHGM
7553396,-13.56892674,32.86106738,8.1799,0.6333,"POLYGON((32.8610812292011 -13.5689390156217, 32.8610812434724 -13.5689144723312, 32.8610535143129 -13.5689144568987, 32.8610535000387 -13.5689390001892, 32.8610812292011 -13.5689390156217))",5GRJCVJ6+CCGR
7558703,-13.56859998,32.8648801,49.1675,0.8024,"POLYGON((32.8649066004172 -13.5686370465814, 32.864911596633 -13.5685668504988, 32.8648536021125 -13.5685629000831, 32.8648486058799 -13.5686330961647, 32.8649066004172 -13.5686370465814))",5GRJCVJ7+HX62
7562115,-13.56904829,32.86274025,47.9808,0.8155,"POLYGON((32.8627749055156 -13.5690766422452, 32.8627699863886 -13.5690150096788, 32.8627056079114 -13.5690199271622, 32.8627105270219 -13.5690815597299, 32.8627749055156 -13.5690766422452))",5GRJCVJ7+93Q4
7564926,-13.5709856,32.86557229,27.7286,0.7332,"POLYGON((32.8656027300909 -13.5709697505375, 32.865552205767 -13.5709581597836, 32.8655418305351 -13.571001441494, 32.8655923548676 -13.57101303225, 32.8656027300909 -13.5709697505375))",5GRJCVH8+J64F
7578118,-13.56367317,32.86595536,84.5631,0.7776,"POLYGON((32.8660083769009 -13.5636457316765, 32.865929047728 -13.5636204404507, 32.8659023410899 -13.5637006132603, 32.8659816702865 -13.5637259044947, 32.8660083769009 -13.5636457316765))",5GRJCVP8+G9P4
7579260,-13.56786197,32.86481129,28.9718,0.7547,"POLYGON((32.8648482024573 -13.5678773042861, 32.8648470241788 -13.5678441623378, 32.8647743811858 -13.5678466340133, 32.8647755594544 -13.5678797759617, 32.8648482024573 -13.5678773042861))",5GRJCVJ7+VW3H
7582400,-13.56993467,32.86407543,8.1799,0.6189,"POLYGON((32.8640892710422 -13.5699469492369, 32.8640892850056 -13.5699224058763, 32.8640615557256 -13.5699223907768, 32.8640615417593 -13.5699469341373, 32.8640892710422 -13.5699469492369))",5GRJCVJ7+2JGM
7583452,-13.57082741,32.86327778,27.7479,0.791,"POLYGON((32.8633102596119 -13.5708410336065, 32.8633015678327 -13.5708018488539, 32.8632453003632 -13.5708137933354, 32.8632539921334 -13.5708529780894, 32.8633102596119 -13.5708410336065))",5GRJCVH7+M86X
7586214,-13.57096322,32.86501053,19.5509,0.7739,"POLYGON((32.8650231266434 -13.570988943116, 32.8650336726899 -13.5709458724753, 32.864997955127 -13.570937502805, 32.8649874090745 -13.5709805734441, 32.8650231266434 -13.570988943116))",5GRJCVH8+J26F
7592015,-13.5675491,32.8611897,20.7209,0.7468,"POLYGON((32.8612106469426 -13.5675698933524, 32.86120767278 -13.5675257952623, 32.8611687483521 -13.5675283077116, 32.8611717225073 -13.5675724058021, 32.8612106469426 -13.5675698933524))",5GRJCVJ6+XFP2
7608692,-13.57042394,32.86558735,14.2145,0.693,"POLYGON((32.8656098287294 -13.5704142056459, 32.865577716961 -13.5704018122769, 32.8655648648679 -13.5704336812947, 32.8655969766398 -13.5704460746653, 32.8656098287294 -13.5704142056459))",5GRJCVH8+R6P5
7613671,-13.5719598,32.86464392,78.905,0.7648,"POLYGON((32.864666570651 -13.5720232221529, 32.8646741136391 -13.5718994511075, 32.8646212602482 -13.5718963685415, 32.8646137172328 -13.5720201395853, 32.864666570651 -13.5720232221529))",5GRJCVH7+6V6P
7615224,-13.57020304,32.86527686,24.2358,0.6454,"POLYGON((32.8653092312299 -13.5701962459143, 32.8652593377958 -13.5701755656913, 32.8652444980245 -13.5702098295397, 32.8652943914644 -13.5702305097657, 32.8653092312299 -13.5701962459143))",5GRJCVH8+W46X
7617006,-13.56999497,32.86191698,11.1422,0.6993,"POLYGON((32.8619318108804 -13.5700109298644, 32.8619295653651 -13.569977256428, 32.8619021518913 -13.5699790059274, 32.8619043974023 -13.5700126793639, 32.8619318108804 -13.5700109298644))",5GRJCVJ6+2Q37
7617311,-13.57096994,32.86533152,16.8787,0.677,"POLYGON((32.8653459693599 -13.5709956702423, 32.8653437376387 -13.5709431090035, 32.8653170658614 -13.57094419279, 32.8653192975775 -13.5709967540291, 32.8653459693599 -13.5709956702423))",5GRJCVH8+J488
7618508,-13.57130645,32.86495956,23.2283,0.8019,"POLYGON((32.8649934494897 -13.5713073575407, 32.8649430095809 -13.5712775094188, 32.8649256645297 -13.5713055604971, 32.8649761044424 -13.5713354086225, 32.8649934494897 -13.5713073575407))",5GRJCVH7+FXGP
7628381,-13.56978586,32.86177142,31.6124,0.6996,"POLYGON((32.8618089638399 -13.5697847860706, 32.8617589398784 -13.5697511997127, 32.8617338646235 -13.569786942043, 32.8617838885882 -13.5698205284062, 32.8618089638399 -13.5697847860706))",5GRJCVJ6+3PJG
7629960,-13.56906553,32.86094739,13.6526,0.7601,"POLYGON((32.8609641990066 -13.5690825672085, 32.8609668416185 -13.5690514465666, 32.8609305921288 -13.5690485007059, 32.8609279495123 -13.5690796213473, 32.8609641990066 -13.5690825672085))",5GRJCVJ6+99G7
7631212,-13.56697882,32.8647561,34.3523,0.7861,"POLYGON((32.8647984781237 -13.5669642722642, 32.8647161087012 -13.5669588315107, 32.8647137247637 -13.5669933724035, 32.8647960941979 -13.5669988131578, 32.8647984781237 -13.5669642722642))",5GRJCVM7+6W2R
7636699,-13.56505998,32.86487803,42.9292,0.8037,"POLYGON((32.864839 -13.5650396, 32.8648446 -13.5650883, 32.8649171 -13.5650803, 32.8649115 -13.5650317, 32.864839 -13.5650396))",5GRJCVM7+XXCJ
7641935,-13.57152319,32.86585173,28.0013,0.7171,"POLYGON((32.865894697491 -13.5715341622993, 32.8658242623235 -13.571489059835, 32.8658087689786 -13.5715122151315, 32.8658792041495 -13.5715573176005, 32.865894697491 -13.5715341622993))",5GRJCVH8+98X3
7653951,-13.57043035,32.86533556,29.1056,0.6117,"POLYGON((32.8653670803867 -13.5704070665652, 32.8653416881493 -13.5704031540399, 32.8652846215029 -13.5704426663714, 32.8653594913108 -13.5704542025819, 32.8653670803867 -13.5704070665652))",5GRJCVH8+R4GP
7657085,-13.57049552,32.86416297,40.9944,0.8045,"POLYGON((32.864200947911 -13.5705194169954, 32.8641971051378 -13.5704804759254, 32.8641732737606 -13.5704827265628, 32.8641711606032 -13.570461312678, 32.8641305468188 -13.5704651482423, 32.864136502735 -13.5705255031984, 32.864200947911 -13.5705194169954))",5GRJCVH7+RM32
7657224,-13.56772108,32.8612409,28.236,0.6548,"POLYGON((32.8612713244873 -13.5677047798748, 32.861222182635 -13.5676925074812, 32.8612104714041 -13.5677373876711, 32.8612596132652 -13.567749660067, 32.8612713244873 -13.5677047798748))",5GRJCVJ6+WF94
7668461,-13.56902161,32.86165587,24.1142,0.7672,"POLYGON((32.8616725155184 -13.569048670121, 32.86168009624 -13.56900073338, 32.8616392213927 -13.5689945471841, 32.8616316406629 -13.5690424839237, 32.8616725155184 -13.569048670121))",5GRJCVJ6+9MR5
7683449,-13.57190311,32.86494921,10.9984,0.688,"POLYGON((32.8649647761571 -13.5719178617898, 32.8649630698707 -13.5718868370608, 32.8649336599495 -13.5718883849928, 32.864935366232 -13.571919409722, 32.8649647761571 -13.5719178617898))",5GRJCVH7+6XPV
7686821,-13.57163838,32.86480309,33.6648,0.7574,"POLYGON((32.8648348187846 -13.5716181232619, 32.8647801880776 -13.5716088708741, 32.8647713787456 -13.5716586493087, 32.8648260094637 -13.5716679016986, 32.8648348187846 -13.5716181232619))",5GRJCVH7+8WVG
7689045,-13.56595235,32.86070346,54.7842,0.7721,"POLYGON((32.8607455106719 -13.5659290618911, 32.860676738397 -13.5659129470717, 32.8606613919557 -13.5659756275051, 32.8607301642476 -13.5659917423288, 32.8607455106719 -13.5659290618911))",5GRJCVM6+J78W
7702486,-13.56994247,32.86467417,12.9291,0.726,"POLYGON((32.8646957491194 -13.5699567851277, 32.8646987100139 -13.5699338294015, 32.8646525843072 -13.5699281356688, 32.8646496234085 -13.5699510913945, 32.8646957491194 -13.5699567851277))",5GRJCVJ7+2VF8
7712401,-13.56662053,32.8608693,35.427,0.8133,"POLYGON((32.860891422293 -13.5666518881243, 32.8608986405129 -13.5665954853045, 32.8608471890321 -13.5665891835472, 32.8608399708003 -13.5666455863655, 32.860891422293 -13.5666518881243))",5GRJCVM6+9855
7714359,-13.56885436,32.86218567,40.32,0.8187,"POLYGON((32.8622205795923 -13.568876336971, 32.8622114527636 -13.568822535833, 32.8621507718169 -13.5688323874229, 32.8621598986322 -13.5688861885627, 32.8622205795923 -13.568876336971))",5GRJCVJ6+FV3X
7732415,-13.5717288,32.86259635,49.5587,0.8016,"POLYGON((32.862643577855 -13.5717477791097, 32.8626398253556 -13.5717026219751, 32.8625491141346 -13.5717098358646, 32.8625528666169 -13.5717549930005, 32.862643577855 -13.5717477791097))",5GRJCVH7+825R
7738187,-13.57136323,32.86544961,27.747,0.7167,"POLYGON((32.8654824248835 -13.5713491989373, 32.8654492729532 -13.5713281992509, 32.8654167973629 -13.5713772639987, 32.8654499492971 -13.5713982636895, 32.8654824248835 -13.5713491989373))",5GRJCVH8+F54F
7738497,-13.57133411,32.86603221,79.8541,0.7638,"POLYGON((32.8660938098883 -13.5713333535027, 32.8660040466927 -13.5712805089442, 32.8659706204852 -13.5713348466961, 32.8660603836934 -13.5713876912663, 32.8660938098883 -13.5713333535027))",5GRJCVH8+FC7J
7740045,-13.57016736,32.86123889,16.4066,0.7315,"POLYGON((32.861251150105 -13.5701909619498, 32.8612581134762 -13.5701487326711, 32.8612266089844 -13.5701437610327, 32.8612196456078 -13.5701859903105, 32.861251150105 -13.5701909619498))",5GRJCVH6+WFQ8
7742810,-13.57196451,32.86520274,12.5203,0.6972,"POLYGON((32.8652244682674 -13.571956256554, 32.8651900488657 -13.5719453860641, 32.8651810037589 -13.5719727943662, 32.8652154231643 -13.5719836648576, 32.8652244682674 -13.571956256554))",5GRJCVH8+638F
7744294,-13.56570409,32.86088805,26.5009,0.8079,"POLYGON((32.8609204771189 -13.5656955671795, 32.8608789558257 -13.5656724783303, 32.8608556367781 -13.5657126127377, 32.8608971580759 -13.5657357015906, 32.8609204771189 -13.5656955671795))",5GRJCVM6+P96V
7750411,-13.56999278,32.86173024,25.7209,0.7393,"POLYGON((32.8617637157491 -13.5700100831661, 32.8617653502407 -13.5699789660224, 32.8616967593202 -13.5699755179813, 32.8616951248197 -13.5700066351244, 32.8617637157491 -13.5700100831661))",5GRJCVJ6+2M57
7751751,-13.57034044,32.86319061,70.4781,0.8379,"POLYGON((32.863238877375 -13.5703659036572, 32.8632204970543 -13.5702954629663, 32.8631423448832 -13.5703149789578, 32.8631607251822 -13.5703854196537, 32.863238877375 -13.5703659036572))",5GRJCVH7+V786
7761294,-13.57099412,32.86548714,19.5492,0.7504,"POLYGON((32.8655043767861 -13.5710167379357, 32.8655105823544 -13.5709776960066, 32.865469905308 -13.5709715084684, 32.8654636997333 -13.5710105503968, 32.8655043767861 -13.5710167379357))",5GRJCVH8+J558
7761933,-13.57142425,32.86501886,44.3971,0.7942,"POLYGON((32.8650645246581 -13.5714175519313, 32.8649916125588 -13.5713877877838, 32.8649732072191 -13.5714309363311, 32.8650461193295 -13.5714607004834, 32.8650645246581 -13.5714175519313))",5GRJCVH8+C2J4
7768125,-13.56978858,32.86225386,23.0551,0.7163,"POLYGON((32.8622781567308 -13.5698079036712, 32.8622735557296 -13.5697647749293, 32.8622295589873 -13.5697692668085, 32.8622341599803 -13.5698123955512, 32.8622781567308 -13.5698079036712))",5GRJCVJ6+3WJC
7771653,-13.57142467,32.86563017,35.5868,0.8033,"POLYGON((32.8656641673164 -13.5714049161751, 32.8656191655038 -13.5713875197861, 32.8655961783274 -13.5714444277119, 32.865641180149 -13.5714618241049, 32.8656641673164 -13.5714049161751))",5GRJCVH8+C7J2
7778787,-13.57173416,32.86522142,25.6631,0.6205,"POLYGON((32.8652543624139 -13.5717296328732, 32.8652113324031 -13.571703143149, 32.8651884674597 -13.5717386882106, 32.8652314974744 -13.5717651779387, 32.8652543624139 -13.5717296328732))",5GRJCVH8+835J
7790138,-13.57034699,32.86181151,27.878,0.7914,"POLYGON((32.8618420499468 -13.5703313759815, 32.8617972147726 -13.5703163258186, 32.8617809806474 -13.5703626093793, 32.8618258158293 -13.5703776595452, 32.8618420499468 -13.5703313759815))",5GRJCVH6+VP75
7791360,-13.5679082,32.8612375,23.945,0.6771,"POLYGON((32.8612612930043 -13.5678872426933, 32.8612189051007 -13.5678827009532, 32.8612137055521 -13.5679291433171, 32.8612560934638 -13.567933685058, 32.8612612930043 -13.5678872426933))",5GRJCVJ6+RFQP
7792398,-13.57149789,32.86567317,27.8025,0.7453,"POLYGON((32.8657044559526 -13.5714838069599, 32.8656613836071 -13.571466223793, 32.8656418726669 -13.5715119637329, 32.8656849450194 -13.5715295469031, 32.8657044559526 -13.5714838069599))",5GRJCVH8+C734
7796835,-13.57119888,32.86218189,15.7016,0.7306,"POLYGON((32.8622030345291 -13.5712140066796, 32.8622018510928 -13.571182274494, 32.8621607366752 -13.5711837419168, 32.8621619201059 -13.5712154741024, 32.8622030345291 -13.5712140066796))",5GRJCVH6+GVF5
7798282,-13.5694076,32.86213542,19.868,0.7588,"POLYGON((32.8621658063542 -13.5694226765727, 32.8621674644599 -13.5693962946136, 32.8621050431908 -13.569392540024, 32.8621033850783 -13.5694189219826, 32.8621658063542 -13.5694226765727))",5GRJCVJ6+6VJM
7800932,-13.57021298,32.86418445,48.2133,0.7489,"POLYGON((32.864241312804 -13.5702207264138, 32.8642338969798 -13.5701844432724, 32.864127589671 -13.5702052372726, 32.8641350054799 -13.5702415204169, 32.864241312804 -13.5702207264138))",5GRJCVH7+WM7H
7806825,-13.57027722,32.86582416,62.0559,0.6301,"POLYGON((32.8658972603018 -13.5702874906336, 32.8658527486006 -13.5702787956423, 32.8658571625193 -13.5702571709573, 32.8657733107542 -13.5702407911879, 32.8657638849773 -13.5702869698968, 32.8658922484642 -13.570312044662, 32.8658972603018 -13.5702874906336))",5GRJCVH8+V8PV
7816955,-13.57023526,32.86162941,50.8361,0.8351,"POLYGON((32.8616627832079 -13.5702669343991, 32.8616621816973 -13.5702029958991, 32.8615960365353 -13.570203591415, 32.8615966380282 -13.5702675299149, 32.8616627832079 -13.5702669343991))",5GRJCVH6+WM2C
7817648,-13.56526343,32.86108277,18.4431,0.7558,"POLYGON((32.861102382958 -13.5652830404656, 32.8611014012256 -13.5652429365508, 32.8610631616033 -13.5652438324471, 32.861064143329 -13.5652839363619, 32.861102382958 -13.5652830404656))",5GRJCVM6+VCWG
7823898,-13.57106376,32.8657107,31.6435,0.8106,"POLYGON((32.8657451701401 -13.5710512175918, 32.865701493086 -13.5710289237936, 32.8656762231986 -13.571076303261, 32.865719900259 -13.5710985970636, 32.8657451701401 -13.5710512175918))",5GRJCVH8+H7GG
7824630,-13.56936928,32.86109785,32.0892,0.7507,"POLYGON((32.8611305288244 -13.5693904720642, 32.8611321121951 -13.569350658338, 32.861065155599 -13.569348109932, 32.8610635722172 -13.5693879236577, 32.8611305288244 -13.5693904720642))",5GRJCVJ6+7C56
7827649,-13.56909507,32.86116271,9.4677,0.6319,"POLYGON((32.8611786668171 -13.5691070378638, 32.8611762755035 -13.5690805673987, 32.8611467478135 -13.5690831202712, 32.861149139124 -13.5691095907365, 32.8611786668171 -13.5691070378638))",5GRJCVJ6+9F72
7831188,-13.56695809,32.86070994,15.6565,0.7267,"POLYGON((32.8607282527327 -13.5669761981488, 32.8607315918758 -13.5669439424406, 32.8606916179642 -13.5669399820472, 32.8606882788159 -13.5669722377549, 32.8607282527327 -13.5669761981488))",5GRJCVM6+678P
7848561,-13.56731142,32.8613452,11.963,0.642,"POLYGON((32.8613550270211 -13.5673328094672, 32.8613600010504 -13.567292972751, 32.8613353835832 -13.5672900310405, 32.8613304095499 -13.567329867756, 32.8613550270211 -13.5673328094672))",5GRJCVM6+3GHC
7849939,-13.5686053,32.86238428,58.6343,0.84,"POLYGON((32.8624250367273 -13.5685767270353, 32.8623500499272 -13.5685694563227, 32.8623435229834 -13.5686338797549, 32.8624185098034 -13.5686411504691, 32.8624250367273 -13.5685767270353))",5GRJCVJ6+HX2M
7854905,-13.56950764,32.86294255,25.6336,0.6784,"POLYGON((32.8629611627483 -13.5695347885194, 32.8629656402914 -13.5694840244052, 32.8629239385225 -13.569480504254, 32.8629194609707 -13.5695312683675, 32.8629611627483 -13.5695347885194))",5GRJCVJ7+55WJ
7856648,-13.56992465,32.86400287,19.4583,0.7092,"POLYGON((32.8640182639078 -13.5699484665126, 32.864026012161 -13.5699078621836, 32.8639874838246 -13.5699008260544, 32.8639797355651 -13.5699414303821, 32.8640182639078 -13.5699484665126))",5GRJCVJ7+2JJ2
7860439,-13.56997473,32.8660707,43.5062,0.8152,"POLYGON((32.8660875160678 -13.5700218189103, 32.8660931652709 -13.5699299652169, 32.8660538998786 -13.5699276540954, 32.8660482506605 -13.5700195077878, 32.8660875160678 -13.5700218189103))",5GRJCVJ8+2C83
7866386,-13.57092689,32.86200208,12.8014,0.677,"POLYGON((32.8620208557345 -13.5709419101385, 32.8620234037905 -13.5709155907406, 32.8619832959468 -13.5709118746963, 32.8619807478865 -13.5709381940938, 32.8620208557345 -13.5709419101385))",5GRJCVH6+JRCR
7866973,-13.56975833,32.8618337,12.8463,0.6903,"POLYGON((32.8618492273749 -13.5697755420232, 32.8618531679524 -13.5697455009684, 32.8618181657624 -13.569741106942, 32.8618142251806 -13.5697711479961, 32.8618492273749 -13.5697755420232))",5GRJCVJ6+3PWP
7871724,-13.57158633,32.86530906,23.476,0.7388,"POLYGON((32.8653236653838 -13.5716138068832, 32.8653357826611 -13.5715697344481, 32.8652944539315 -13.5715588600327, 32.8652823366475 -13.5716029324658, 32.8653236653838 -13.5716138068832))",5GRJCVH8+947H
7880127,-13.57142791,32.8624134,34.4004,0.6982,"POLYGON((32.8624478939798 -13.5714447644153, 32.8624364848735 -13.571397705042, 32.8623789041272 -13.5714110648092, 32.8623903132227 -13.571458124185, 32.8624478939798 -13.5714447644153))",5GRJCVH6+CXFR
7887684,-13.57012061,32.86464834,20.6787,0.7001,"POLYGON((32.8646669397909 -13.5701431985988, 32.8646710117924 -13.5701019183603, 32.8646297183716 -13.570098020124, 32.864625646363 -13.5701393003619, 32.8646669397909 -13.5701431985988))",5GRJCVH7+XV24
7887987,-13.56735227,32.86141047,47.5013,0.8401,"POLYGON((32.8614365212501 -13.5673882615097, 32.8614442312611 -13.5673230505129, 32.861384426868 -13.5673162834669, 32.8613767168409 -13.5673814944617, 32.8614365212501 -13.5673882615097))",5GRJCVM6+3H3R
7890290,-13.56983019,32.86481259,7.3344,0.6138,"POLYGON((32.8648246106898 -13.5698429654239, 32.8648237169345 -13.5698166461065, 32.8648005571506 -13.5698173987687, 32.8648014509033 -13.5698437180862, 32.8648246106898 -13.5698429654239))",5GRJCVJ7+3W8J
7891178,-13.56902868,32.86135585,32.0519,0.7689,"POLYGON((32.861377088357 -13.569062999242, 32.8613718187999 -13.5689917109224, 32.8613346059434 -13.5689943434534, 32.8613398754893 -13.5690656317738, 32.861377088357 -13.569062999242))",5GRJCVJ6+9GQV
7891544,-13.5707772,32.86290554,26.9216,0.7238,"POLYGON((32.8629224400912 -13.5708059028323, 32.8629340533429 -13.5707593382553, 32.8628886529094 -13.5707485020536, 32.8628770396494 -13.5707950666285, 32.8629224400912 -13.5708059028323))",5GRJCVH7+M5JX
7892356,-13.56962319,32.86636623,73.62,0.8382,"POLYGON((32.866425997997 -13.5696162376289, 32.8663300346453 -13.5695761535128, 32.8663064718175 -13.5696301397826, 32.8664024351863 -13.5696702239076, 32.866425997997 -13.5696162376289))",5GRJCVJ8+5G54
7896443,-13.57008355,32.86490493,12.4265,0.6161,"POLYGON((32.8649224995668 -13.5700996609688, 32.8649271910701 -13.5700745464638, 32.8648873543395 -13.5700674246174, 32.8648826628321 -13.5700925391217, 32.8649224995668 -13.5700996609688))",5GRJCVH7+XX6Q
7898768,-13.57036787,32.86491111,36.8924,0.7315,"POLYGON((32.8649499524887 -13.5703571649794, 32.8648901319103 -13.5703341401461, 32.8648722616721 -13.570378573037, 32.86493208226 -13.5704015978747, 32.8649499524887 -13.5703571649794))",5GRJCVH7+VX36
7905222,-13.57006083,32.86077996,26.9468,0.8109,"POLYGON((32.8608036613772 -13.5700845702884, 32.8608021177518 -13.5700357271126, 32.8607562598609 -13.5700371140989, 32.8607578034769 -13.5700859572749, 32.8608036613772 -13.5700845702884))",5GRJCVH6+X8CH
7907550,-13.56895815,32.86145386,30.855,0.7951,"POLYGON((32.8614713164509 -13.568989874985, 32.8614808001526 -13.5689335771483, 32.8614364065738 -13.5689264201312, 32.8614269228619 -13.568982717966, 32.8614713164509 -13.568989874985))",5GRJCVJ6+CH8P
7910455,-13.57201635,32.86505169,5.7138,0.6698,"POLYGON((32.8650639172816 -13.5720258221432, 32.8650607419699 -13.572003936738, 32.8650394490486 -13.5720068932595, 32.8650426243584 -13.5720287786649, 32.8650639172816 -13.5720258221432))",5GRJCVH8+52V8
7916526,-13.56525833,32.86091732,29.1017,0.6925,"POLYGON((32.8609487172638 -13.5652427130087, 32.8609035037024 -13.5652266426431, 32.8608859350804 -13.5652739490237, 32.8609311486498 -13.5652900193927, 32.8609487172638 -13.5652427130087))",5GRJCVM6+V9VM
7917121,-13.57060241,32.86311842,31.5877,0.7978,"POLYGON((32.8631461806954 -13.5706258728944, 32.863140655579 -13.5705738760097, 32.8630906521983 -13.5705789609101, 32.863096177304 -13.5706309577958, 32.8631461806954 -13.5706258728944))",5GRJCVH7+Q65X
7923284,-13.56785968,32.8601772,26.2426,0.7264,"POLYGON((32.8602031572468 -13.5678819654865, 32.8602076852423 -13.5678437944279, 32.8601512456848 -13.5678373869759, 32.8601467176804 -13.5678755580334, 32.8602031572468 -13.5678819654865))",5GRJCVJ6+V33P
7935336,-13.57195628,32.86529463,20.0122,0.6368,"POLYGON((32.8653271550777 -13.5719564389286, 32.8652754221261 -13.5719305876303, 32.8652620940224 -13.5719561127361, 32.8653138269773 -13.5719819640372, 32.8653271550777 -13.5719564389286))",5GRJCVH8+647M
7935387,-13.57140311,32.86592528,45.3148,0.7867,"POLYGON((32.865968106547 -13.5713917424943, 32.865922714582 -13.571359776154, 32.8658824566047 -13.5714144845972, 32.8659278485746 -13.5714464509448, 32.865968106547 -13.5713917424943))",5GRJCVH8+C9MW
7936236,-13.56806565,32.86024065,9.692,0.6197,"POLYGON((32.8602551297678 -13.5680795780294, 32.8602539319305 -13.5680505960629, 32.8602261541726 -13.568051694804, 32.8602273520065 -13.5680806767705, 32.8602551297678 -13.5680795780294))",5GRJCVJ6+Q3H8
7940819,-13.56632057,32.8606221,28.5449,0.7726,"POLYGON((32.8606481101874 -13.5663432330864, 32.8606451906437 -13.5662950475857, 32.8605960763596 -13.5662978955919, 32.8605989958934 -13.5663460810931, 32.8606481101874 -13.5663432330864))",5GRJCVM6+F6H5
7940856,-13.5696903,32.86441611,43.2334,0.6626,"POLYGON((32.8644417847191 -13.5697284318133, 32.8644559008642 -13.5696881134272, 32.8644245951392 -13.5696776238124, 32.8644318217791 -13.5696569831612, 32.8643997157296 -13.5696462253768, 32.864378372931 -13.5697071844089, 32.8644417847191 -13.5697284318133))",5GRJCVJ7+4QF7
7943926,-13.57073751,32.86349549,16.6147,0.7276,"POLYGON((32.8635170977653 -13.5707527820802, 32.8635132139558 -13.5707180368783, 32.8634738987148 -13.5707222426199, 32.8634777825185 -13.5707569878223, 32.8635170977653 -13.5707527820802))",5GRJCVH7+P95H
7947319,-13.57052911,32.86211245,9.7013,0.6123,"POLYGON((32.8621288873842 -13.5705409694515, 32.8621269499179 -13.5705150344383, 32.8620959931987 -13.5705172476443, 32.8620979306614 -13.5705431826578, 32.8621288873842 -13.5705409694515))",5GRJCVH6+QRQW
7951846,-13.57047522,32.86231044,11.1193,0.697,"POLYGON((32.8623256476225 -13.5704907517142, 32.8623290927776 -13.5704638426996, 32.8622952438682 -13.5704596953011, 32.8622917987094 -13.5704866043153, 32.8623256476225 -13.5704907517142))",5GRJCVH6+RW3X
7952468,-13.56991495,32.86689369,29.6452,0.6953,"POLYGON((32.8669397890709 -13.5699195585653, 32.8668591345638 -13.5698847586231, 32.8668475925333 -13.5699103594577, 32.8669282470468 -13.5699451594041, 32.8669397890709 -13.5699195585653))",5GRJCVJ8+2QJG
7955407,-13.57102636,32.8653008,17.2855,0.6552,"POLYGON((32.8652729323693 -13.5710401031727, 32.8653296976082 -13.5710379130112, 32.8653286777782 -13.571012617082, 32.8652719125453 -13.5710148072433, 32.8652729323693 -13.5710401031727))",5GRJCVH8+H4MW
7960153,-13.5680568,32.86209135,26.1493,0.8113,"POLYGON((32.8621123705119 -13.5680828536235, 32.8621116095874 -13.5680301809554, 32.8620703133988 -13.5680307518983, 32.8620710743142 -13.5680834245662, 32.8621123705119 -13.5680828536235))",5GRJCVJ6+QRGQ
7960213,-13.56825374,32.86145017,25.4036,0.7754,"POLYGON((32.8614747067699 -13.5682752302925, 32.8614742780746 -13.5682317917897, 32.8614256259689 -13.5682322513042, 32.8614260546553 -13.568275689807, 32.8614747067699 -13.5682752302925))",5GRJCVJ6+MHWV
7970953,-13.5698327,32.86233228,71.5926,0.8297,"POLYGON((32.8623716159759 -13.5698706405674, 32.8623683170752 -13.5697917375507, 32.862292951481 -13.5697947531204, 32.8622962503567 -13.5698736561379, 32.8623716159759 -13.5698706405674))",5GRJCVJ6+3W8P
7978918,-13.56541434,32.86445843,112.7493,0.7613,"POLYGON((32.8644366959302 -13.5653428308719, 32.8643858675863 -13.5653913904106, 32.8644801656803 -13.5654858558392, 32.8645309940255 -13.5654372962817, 32.8644366959302 -13.5653428308719))",5GRJCVM7+RQPG
7992390,-13.56781938,32.8627484,189.0343,0.8445,"POLYGON((32.8628601375777 -13.5678758366839, 32.8626815141266 -13.567715199347, 32.862636671453 -13.5677629207243, 32.8628152949093 -13.567923558093, 32.8628601375777 -13.5678758366839))",5GRJCVJ7+V3H9
7993261,-13.56929973,32.8631488,22.3037,0.774,"POLYGON((32.8631675171762 -13.5693237009352, 32.863174675965 -13.5692833110901, 32.8631300730974 -13.569275745295, 32.8631229143013 -13.5693161351385, 32.8631675171762 -13.5693237009352))",5GRJCVJ7+77J5
7994766,-13.56987658,32.86384808,35.4411,0.6894,"POLYGON((32.8638444299155 -13.5698376874536, 32.8638092986704 -13.5698673261067, 32.8638517317642 -13.5699154612048, 32.8638868630109 -13.5698858225453, 32.8638444299155 -13.5698376874536))",5GRJCVJ7+2GXR
8011617,-13.56688632,32.86217963,50.6233,0.8053,"POLYGON((32.8622146648707 -13.5669160938203, 32.8622089065507 -13.56685109335, 32.8621445928252 -13.5668565460985, 32.8621503511278 -13.5669215465701, 32.8622146648707 -13.5669160938203))",5GRJCVM6+6VVG
8018431,-13.57040562,32.86500812,56.7939,0.7071,"POLYGON((32.8650518092745 -13.5703828813092, 32.8649779113711 -13.5703672609776, 32.8649644181196 -13.5704283521266, 32.8650383160411 -13.5704439724623, 32.8650518092745 -13.5703828813092))",5GRJCVH8+R2JM
8019563,-13.57105548,32.86546231,29.2086,0.7769,"POLYGON((32.865481335 -13.5710845444826, 32.8654907662632 -13.5710350904494, 32.8654432790053 -13.5710264235616, 32.8654338477328 -13.571075877593, 32.865481335 -13.5710845444826))",5GRJCVH8+H5GQ
8022333,-13.56812208,32.86159472,48.0343,0.7931,"POLYGON((32.8616101685944 -13.5681753949031, 32.8616174767912 -13.5680713274719, 32.8615792547922 -13.5680687586271, 32.8615719465788 -13.5681728260572, 32.8616101685944 -13.5681753949031))",5GRJCVJ6+QJ52
8031236,-13.57066159,32.86424213,35.1745,0.8194,"POLYGON((32.8642579725384 -13.5706997188817, 32.8642665845483 -13.5706280970605, 32.8642262812819 -13.5706234591869, 32.86421766926 -13.5706950810069, 32.8642579725384 -13.5706997188817))",5GRJCVH7+PMQG
8052834,-13.57013396,32.8629796,7.316,0.6244,"POLYGON((32.8629930476126 -13.5701452803281, 32.8629930605778 -13.5701226746117, 32.8629661339675 -13.5701226598309, 32.8629661209999 -13.5701452655473, 32.8629930476126 -13.5701452803281))",5GRJCVH7+W5XM
8053101,-13.56564492,32.86483637,72.0862,0.7921,"POLYGON((32.8648651143978 -13.5656925809076, 32.8648748288651 -13.5656043441706, 32.8648076379742 -13.5655972644149, 32.8647979234829 -13.5656855011495, 32.8648651143978 -13.5656925809076))",5GRJCVM7+PWW9
8053392,-13.57124433,32.86553939,11.3951,0.6079,"POLYGON((32.8655540607437 -13.5712607449504, 32.8655524512089 -13.5712266579275, 32.8655246969218 -13.5712279121016, 32.8655263064526 -13.5712619991248, 32.8655540607437 -13.5712607449504))",5GRJCVH8+G637
8058989,-13.56997886,32.86368421,33.0286,0.7618,"POLYGON((32.8637203276353 -13.5699633364138, 32.8636543137118 -13.5699536763484, 32.8636480879463 -13.5699943927655, 32.8637141018807 -13.5700040528325, 32.8637203276353 -13.5699633364138))",5GRJCVJ7+2F3X
8061998,-13.57111536,32.86497901,11.4967,0.6659,"POLYGON((32.8650001965125 -13.5711220620807, 32.8649822761114 -13.5710938305707, 32.8649578233983 -13.5711086850735, 32.864975743798 -13.5711369165855, 32.8650001965125 -13.5711220620807))",5GRJCVH7+HX57
8068600,-13.56996414,32.86272694,49.6416,0.8169,"POLYGON((32.8627646105878 -13.569990620516, 32.8627608231251 -13.5699331456012, 32.8626892597678 -13.5699376587693, 32.8626930472137 -13.5699951336851, 32.8627646105878 -13.569990620516))",5GRJCVJ7+239F
8071717,-13.56492244,32.86133857,56.094,0.7863,"POLYGON((32.8613620027519 -13.5649721894704, 32.8613620604545 -13.5648727242837, 32.8613151401949 -13.5648726982286, 32.8613150824709 -13.5649721634151, 32.8613620027519 -13.5649721894704))",5GRJCVP6+2GP5
8076516,-13.56965282,32.86421374,47.5781,0.7025,"POLYGON((32.8642504361847 -13.5696273353569, 32.8641893591759 -13.5696158103813, 32.8641770386599 -13.5696782973195, 32.8642381156841 -13.5696898222985, 32.8642504361847 -13.5696273353569))",5GRJCVJ7+4MPX
8077147,-13.56986471,32.86254071,8.4634,0.6987,"POLYGON((32.8625556097605 -13.569876195634, 32.8625529451871 -13.5698505144291, 32.8625258055447 -13.5698532093021, 32.8625284701152 -13.5698788905072, 32.8625556097605 -13.569876195634))",5GRJCVJ7+323F
8080796,-13.56945831,32.86363943,11.8084,0.6326,"POLYGON((32.8636577878076 -13.5694731789664, 32.8636613434745 -13.5694492437717, 32.8636210190412 -13.5694435108468, 32.8636174857295 -13.5694672955293, 32.8636577878076 -13.5694731789664))",5GRJCVJ7+6F6M
8082233,-13.5701874,32.86440107,35.462,0.7423,"POLYGON((32.8644375217775 -13.5702032909674, 32.8644281908987 -13.5701587506862, 32.8643646187444 -13.5701714961951, 32.8643739496119 -13.5702160364784, 32.8644375217775 -13.5702032909674))",5GRJCVH7+WQCH
8086049,-13.57024753,32.86158108,14.8859,0.6834,"POLYGON((32.8615966380282 -13.5702675299149, 32.8615962591348 -13.5702272536687, 32.8615655112562 -13.5702275304909, 32.8615658901444 -13.5702678067372, 32.8615966380282 -13.5702675299149))",5GRJCVH6+WJ44
8091500,-13.56956373,32.86521957,67.2204,0.832,"POLYGON((32.8652834965912 -13.5695549190885, 32.8651668627357 -13.5695272453909, 32.8651556348996 -13.569572532679, 32.8652722687758 -13.5696002063819, 32.8652834965912 -13.5695549190885))",5GRJCVJ8+53HC
8111425,-13.56877248,32.86186236,7.17,0.6137,"POLYGON((32.8618734658823 -13.5687857255125, 32.8618768962129 -13.5687629487749, 32.8618512617685 -13.568759253943, 32.8618478314355 -13.5687820306802, 32.8618734658823 -13.5687857255125))",5GRJCVJ6+FPX4
8113799,-13.57054892,32.86398197,87.2034,0.8399,"POLYGON((32.8640436428893 -13.5705720895304, 32.8640346110936 -13.5705098793456, 32.8639202904769 -13.5705257632058, 32.8639293222434 -13.5705879733943, 32.8640436428893 -13.5705720895304))",5GRJCVH7+QHQ3
8114300,-13.5687249,32.86246418,26.6922,0.7871,"POLYGON((32.8624828158773 -13.5687527931991, 32.8624881765678 -13.5687012294155, 32.8624455488137 -13.5686969881531, 32.8624401881141 -13.568748551936, 32.8624828158773 -13.5687527931991))",5GRJCVJ6+GX85
8118613,-13.5694412,32.86554521,45.7545,0.7625,"POLYGON((32.8655923698003 -13.5694350447758, 32.8655157319033 -13.5694046746044, 32.8654980630751 -13.5694473450929, 32.8655747009828 -13.5694777152702, 32.8655923698003 -13.5694350447758))",5GRJCVJ8+66F7
8121865,-13.57087849,32.86517172,11.9042,0.627,"POLYGON((32.8651901367737 -13.5708656831379, 32.8651612210542 -13.570858902879, 32.8651532845853 -13.5708912945471, 32.8651822003085 -13.5708980748068, 32.8651901367737 -13.5708656831379))",5GRJCVH8+J3VV
8123914,-13.5676063,32.86109293,23.7088,0.7536,"POLYGON((32.8611235532747 -13.5675926825833, 32.8610666393745 -13.5675857752124, 32.861062310822 -13.5676199085182, 32.8611192247301 -13.5676268158901, 32.8611235532747 -13.5675926825833))",5GRJCVJ6+XC4Q
8128404,-13.57020817,32.86429744,44.5255,0.7876,"POLYGON((32.864342014732 -13.5702224390594, 32.86433268387 -13.5701778987751, 32.8642528635587 -13.5701939018225, 32.8642621944061 -13.5702384421096, 32.864342014732 -13.5702224390594))",5GRJCVH7+WP7P
8130183,-13.56845712,32.86459306,22.7212,0.7435,"POLYGON((32.8646074638342 -13.5684870539318, 32.8646111772695 -13.5684291808028, 32.8645786408934 -13.568427182801, 32.8645749274503 -13.5684850559297, 32.8646074638342 -13.5684870539318))",5GRJCVJ7+JR8Q
8132395,-13.57082429,32.8651022,30.3839,0.7519,"POLYGON((32.8651415034118 -13.5708115943448, 32.8650666054231 -13.5708036308009, 32.8650628993146 -13.5708369887887, 32.8651377973137 -13.5708449523338, 32.8651415034118 -13.5708115943448))",5GRJCVH8+M2H3
8145825,-13.56991345,32.86388662,12.0541,0.6346,"POLYGON((32.8639087807909 -13.5699203483645, 32.863900337185 -13.5698950883099, 32.8638644693762 -13.5699065624555, 32.8638729129786 -13.5699318225113, 32.8639087807909 -13.5699203483645))",5GRJCVJ7+2HJF
8153234,-13.56872791,32.86272987,59.1707,0.8106,"POLYGON((32.8627646261002 -13.5687636431453, 32.8627710155404 -13.568699398241, 32.8626951055811 -13.5686921730408, 32.8626887161208 -13.5687564179428, 32.8627646261002 -13.5687636431453))",5GRJCVJ7+G35V
8157368,-13.56956322,32.86475142,24.3809,0.6199,"POLYGON((32.8647791865746 -13.5695470357636, 32.8647315453748 -13.5695382809191, 32.8647236481692 -13.5695794082679, 32.8647712893769 -13.5695881631139, 32.8647791865746 -13.5695470357636))",5GRJCVJ7+5WCC
8165309,-13.57086455,32.86188624,11.7536,0.6278,"POLYGON((32.8618972636415 -13.5708838580023, 32.86190334162 -13.5708501033056, 32.8618752424384 -13.5708452611676, 32.8618691644562 -13.5708790158635, 32.8618972636415 -13.5708838580023))",5GRJCVH6+MQ2F
8171148,-13.56751314,32.86179349,49.6045,0.706,"POLYGON((32.8618290330226 -13.567544279774, 32.8618096101579 -13.5674692164297, 32.861757939875 -13.5674820119181, 32.8617773627245 -13.5675570752662, 32.8618290330226 -13.567544279774))",5GRJCVJ6+XPVF
8171544,-13.57019513,32.86538208,26.7899,0.7635,"POLYGON((32.8654123865108 -13.5701805131679, 32.8653691493409 -13.57016460161, 32.8653517836097 -13.5702097620763, 32.8653950207866 -13.5702256736374, 32.8654123865108 -13.5701805131679))",5GRJCVH8+W5C2
8176186,-13.56990165,32.86601704,18.9312,0.7186,"POLYGON((32.8660404222611 -13.5699207384877, 32.8660455793697 -13.5698912612403, 32.8659936663683 -13.5698825692796, 32.8659885092533 -13.5699120465259, 32.8660404222611 -13.5699207384877))",5GRJCVJ8+2CJW
8178830,-13.57116544,32.86225959,54.9651,0.8478,"POLYGON((32.8623002428631 -13.5711910810953, 32.8622875148317 -13.5711268007223, 32.8622189441914 -13.5711397945783, 32.8622316722052 -13.5712040749548, 32.8623002428631 -13.5711910810953))",5GRJCVH6+GWJ7
8179014,-13.57061181,32.86340258,13.2066,0.6797,"POLYGON((32.8634193706153 -13.5706281918329, 32.8634183150198 -13.5705944517166, 32.8633857790838 -13.5705954258819, 32.8633868346748 -13.5706291659984, 32.8634193706153 -13.5706281918329))",5GRJCVH7+Q92H
8180251,-13.56951877,32.86170046,10.1367,0.676,"POLYGON((32.8617148770921 -13.5695335617798, 32.861713171242 -13.5695025370269, 32.8616860656297 -13.5695039633394, 32.8616877714763 -13.5695349880926, 32.8617148770921 -13.5695335617798))",5GRJCVJ6+5MW7
8204635,-13.57000764,32.86342549,27.6142,0.7089,"POLYGON((32.8634529046913 -13.5700292009991, 32.8634550546532 -13.5699889911264, 32.8633980726925 -13.5699860753249, 32.8633959227213 -13.570026285197, 32.8634529046913 -13.5700292009991))",5GRJCVH7+X9VP
8208010,-13.57006752,32.86069376,26.2935,0.7328,"POLYGON((32.8607197023592 -13.5700882382084, 32.8607168923817 -13.5700438250257, 32.8606678240819 -13.570046796094, 32.8606706340503 -13.5700912092771, 32.8607197023592 -13.5700882382084))",5GRJCVH6+X7G6
8211772,-13.57030448,32.86549636,7.3344,0.6456,"POLYGON((32.8655083836447 -13.5703172754292, 32.8655074899193 -13.5702909560338, 32.8654843300941 -13.5702917086669, 32.8654852238169 -13.5703180280624, 32.8655083836447 -13.5703172754292))",5GRJCVH8+V5HX
8217241,-13.57066962,32.86532016,18.0783,0.7732,"POLYGON((32.8653475058172 -13.5706599784836, 32.8652998529997 -13.5706492613065, 32.8652928076928 -13.5706792409878, 32.8653404605164 -13.5706899581664, 32.8653475058172 -13.5706599784836))",5GRJCVH8+P4P6
8219473,-13.57034318,32.86485248,45.3596,0.7825,"POLYGON((32.8648735158368 -13.5703818208394, 32.8648849044667 -13.5703130141296, 32.8648314573762 -13.5703045479905, 32.8648200687311 -13.5703733546976, 32.8648735158368 -13.5703818208394))",5GRJCVH7+VW97
8228010,-13.56973411,32.86346104,41.9578,0.786,"POLYGON((32.8634931973907 -13.5697612570356, 32.8634932283921 -13.5697070033134, 32.8634288844256 -13.5697069681182, 32.8634288534095 -13.5697612218402, 32.8634931973907 -13.5697612570356))",5GRJCVJ7+494Q
8255849,-13.56931322,32.86204384,39.8535,0.7819,"POLYGON((32.8620666612654 -13.5693472332416, 32.8620733369621 -13.5692845324721, 32.8620210213765 -13.5692792018316, 32.8620143456664 -13.5693419025993, 32.8620666612654 -13.5693472332416))",5GRJCVJ6+7RFF
8258298,-13.56649691,32.86052082,42.6091,0.7924,"POLYGON((32.8605478839111 -13.5665292233707, 32.860556696589 -13.5664742532002, 32.8604937546014 -13.5664645958892, 32.8604849419095 -13.5665195660575, 32.8605478839111 -13.5665292233707))",5GRJCVM6+C624
8258348,-13.56456791,32.86497544,39.1593,0.6083,"POLYGON((32.8650092333695 -13.564590634483, 32.8650032083332 -13.564538388235, 32.864941633716 -13.564545184144, 32.8649476587388 -13.5645974303933, 32.8650092333695 -13.564590634483))",5GRJCVP7+5XH6
8270438,-13.57020231,32.86295103,44.677,0.8078,"POLYGON((32.8629834589322 -13.5702309836569, 32.8629766797174 -13.5701676764384, 32.8629186011605 -13.5701736284305, 32.8629253803598 -13.5702369356507, 32.8629834589322 -13.5702309836569))",5GRJCVH7+W58V
8274876,-13.57042398,32.86301483,11.2702,0.674,"POLYGON((32.8630319684663 -13.5704373518666, 32.8630296270339 -13.570408151325, 32.862997711445 -13.5704106004632, 32.8630000528735 -13.5704398010049, 32.8630319684663 -13.5704373518666))",5GRJCVH7+R6J3
8282238,-13.56495674,32.86123864,19.6675,0.6899,"POLYGON((32.8612574841543 -13.5649782034511, 32.8612608606105 -13.5649386094154, 32.8612198191459 -13.5649352598001, 32.861216442683 -13.5649748538352, 32.8612574841543 -13.5649782034511))",5GRJCVP6+2F9P
8286220,-13.57034783,32.86209488,25.4033,0.7959,"POLYGON((32.8621178363435 -13.5703710967505, 32.8621218407914 -13.5703291206754, 32.8620719238384 -13.5703245633536, 32.8620679193817 -13.5703665394278, 32.8621178363435 -13.5703710967505))",5GRJCVH6+VR92
8289386,-13.57071229,32.86493783,93.2747,0.8384,"POLYGON((32.8649899452305 -13.5706765380368, 32.8649126685763 -13.5706550961988, 32.8648857201661 -13.5707480437994, 32.8649629968478 -13.5707694856457, 32.8649899452305 -13.5706765380368))",5GRJCVH7+PX8C
8292265,-13.57005888,32.86481286,27.0205,0.6968,"POLYGON((32.8648302495568 -13.5700886673957, 32.8648351467838 -13.5700323970524, 32.8647954822379 -13.5700290933953, 32.8647905850017 -13.5700853637378, 32.8648302495568 -13.5700886673957))",5GRJCVH7+XWGJ
8296234,-13.57021842,32.86089863,38.5952,0.7399,"POLYGON((32.8609287365551 -13.5702449726513, 32.8609243494932 -13.5701877695644, 32.8608685279861 -13.5701918666591, 32.8608729150348 -13.5702490697469, 32.8609287365551 -13.5702449726513))",5GRJCVH6+W969
8296871,-13.57022908,32.86474418,47.7999,0.663,"POLYGON((32.8647658724233 -13.5702686385679, 32.8647775249996 -13.5701982373342, 32.8647224782242 -13.5701895177728, 32.8647108256322 -13.570259919004, 32.8647658724233 -13.5702686385679))",5GRJCVH7+WV5X
8298885,-13.56835314,32.86391225,7.5392,0.6205,"POLYGON((32.8639254210006 -13.5683654681724, 32.8639278391076 -13.5683439187571, 32.8638990776242 -13.5683408300321, 32.8638966595147 -13.5683623794471, 32.8639254210006 -13.5683654681724))",5GRJCVJ7+MH3R
8300461,-13.57114635,32.86563936,30.1791,0.7763,"POLYGON((32.8656729922692 -13.571134236083, 32.8656255769725 -13.5711139797371, 32.8656057235528 -13.5711584541228, 32.8656531388568 -13.5711787104723, 32.8656729922692 -13.571134236083))",5GRJCVH8+G7R3
8302488,-13.56972688,32.86635842,55.0434,0.778,"POLYGON((32.8664004824661 -13.5697030414065, 32.8663400844921 -13.5696828337259, 32.8663163522903 -13.5697507175655, 32.8663767502796 -13.5697709252521, 32.8664004824661 -13.5697030414065))",5GRJCVJ8+4G5V
8302583,-13.57104445,32.86366644,37.5849,0.8286,"POLYGON((32.8637078879703 -13.5710552407478, 32.8636965594149 -13.5710145666252, 32.8636249911118 -13.5710336429437, 32.8636363196555 -13.5710743170694, 32.8637078879703 -13.5710552407478))",5GRJCVH7+HFM7
8303051,-13.56852865,32.86488933,33.1291,0.8104,"POLYGON((32.8649255357844 -13.5685089309196, 32.86485210074 -13.5685108701078, 32.8648531356406 -13.5685483770424, 32.8649265706965 -13.5685464378539, 32.8649255357844 -13.5685089309196))",5GRJCVJ7+HXJV
8315096,-13.56808122,32.86116983,34.7052,0.8163,"POLYGON((32.8611928564513 -13.5681115176101, 32.8611973323167 -13.568054719735, 32.8611467952515 -13.5680509083374, 32.861142319374 -13.5681077062115, 32.8611928564513 -13.5681115176101))",5GRJCVJ6+QF7M
8316279,-13.56923657,32.86269792,57.1466,0.8526,"POLYGON((32.8627356441526 -13.5692691674433, 32.8627405730081 -13.5692104170131, 32.8626601857059 -13.569203962733, 32.8626552568308 -13.5692627131614, 32.8627356441526 -13.5692691674433))",5GRJCVJ7+834F
8318907,-13.56929898,32.86493493,127.2111,0.8191,"POLYGON((32.8649512986974 -13.5693817450963, 32.8649853339301 -13.5692306121655, 32.8649185447464 -13.5692162175441, 32.8648845094736 -13.5693673504661, 32.8649512986974 -13.5693817450963))",5GRJCVJ7+7XM5
8324279,-13.56864136,32.86446532,117.0583,0.8512,"POLYGON((32.8645252378265 -13.5686845879718, 32.8645313481191 -13.5686077172654, 32.864405413373 -13.5685981370607, 32.8643993030403 -13.5686750077637, 32.8645252378265 -13.5686845879718))",5GRJCVJ7+GQW9
8331371,-13.57094974,32.86583756,36.6688,0.7415,"POLYGON((32.8658734655795 -13.5709336409041, 32.8658221196543 -13.570914178062, 32.8658016575244 -13.5709658397437, 32.8658530034592 -13.57098530259, 32.8658734655795 -13.5709336409041))",5GRJCVH8+J8G5
8333447,-13.56731306,32.86125583,31.055,0.729,"POLYGON((32.8612891157766 -13.5672982885994, 32.8612359349794 -13.5672830711588, 32.8612225536228 -13.567327826491, 32.861275734429 -13.5673430439345, 32.8612891157766 -13.5672982885994))",5GRJCVM6+3GCC
8339942,-13.56946931,32.86389766,41.8738,0.8044,"POLYGON((32.8639453465148 -13.5694625320426, 32.8638617306889 -13.5694378927695, 32.8638499688301 -13.5694760924633, 32.863933584668 -13.5695007317404, 32.8639453465148 -13.5694625320426))",5GRJCVJ7+6H68
8340659,-13.56459544,32.86430527,103.6018,0.733,"POLYGON((32.8643380994198 -13.5646845602185, 32.8643190821947 -13.5645016820194, 32.8642724325118 -13.564506324768, 32.8642914497016 -13.5646892029701, 32.8643380994198 -13.5646845602185))",5GRJCVP7+5P75
8343257,-13.56906637,32.86184723,32.82,0.8068,"POLYGON((32.8618752935253 -13.5690932308042, 32.8618840029605 -13.5690529096575, 32.8618191758023 -13.5690395085884, 32.8618104663568 -13.5690798297329, 32.8618752935253 -13.5690932308042))",5GRJCVJ6+9PH6
8363025,-13.56558734,32.8602041,32.9114,0.6278,"POLYGON((32.8602376263051 -13.565588124344, 32.8602090230753 -13.5655811638885, 32.8602165777475 -13.5655514519502, 32.8601903305506 -13.5655450648206, 32.8601744374643 -13.5656075710553, 32.8602292879013 -13.5656209186431, 32.8602376263051 -13.565588124344))",5GRJCVM6+Q38G
8363303,-13.56942689,32.86377095,117.0922,0.8373,"POLYGON((32.8638385435806 -13.5694029682644, 32.8637292981006 -13.5693695771592, 32.8637033502744 -13.5694508222436, 32.8638125957877 -13.5694842133598, 32.8638385435806 -13.5694029682644))",5GRJCVJ7+6GCW
8367590,-13.57026287,32.86309436,11.3378,0.6617,"POLYGON((32.8631117371007 -13.570276458642, 32.8631117526451 -13.5702493317825, 32.8630769786159 -13.5702493127098, 32.8630769630673 -13.5702764395692, 32.8631117371007 -13.570276458642))",5GRJCVH7+V6XC
8370874,-13.57172555,32.86589196,54.2709,0.6535,"POLYGON((32.8659403318957 -13.5717275825222, 32.8658854802313 -13.5716786057678, 32.8658435806487 -13.5717235138646, 32.8658984323144 -13.5717724906279, 32.8659403318957 -13.5717275825222))",5GRJCVH8+892W
8372117,-13.56894068,32.86322645,34.1353,0.7774,"POLYGON((32.8632686389666 -13.5689366819009, 32.8631982752011 -13.5689096983995, 32.8631842560497 -13.5689446846884, 32.8632546198239 -13.5689716681937, 32.8632686389666 -13.5689366819009))",5GRJCVJ7+C7H6
8375558,-13.5711167,32.86519536,47.8818,0.8088,"POLYGON((32.8652370901456 -13.57109968339, 32.8651816618566 -13.5710745525919, 32.8651536321281 -13.5711337171262, 32.8652090604276 -13.5711588479305, 32.8652370901456 -13.57109968339))",5GRJCVH8+H347
8375859,-13.56904443,32.86132087,18.8098,0.7072,"POLYGON((32.8613398754893 -13.5690656317738, 32.8613365598342 -13.569020776399, 32.8613018519864 -13.5690232317144, 32.861305167635 -13.5690680870895, 32.8613398754893 -13.5690656317738))",5GRJCVJ6+9GP7
8388112,-13.57027851,32.86468253,27.2602,0.6627,"POLYGON((32.8647033828768 -13.5703048857272, 32.8647108256322 -13.570259919004, 32.8646616756631 -13.5702521335022, 32.8646542328987 -13.5702971002238, 32.8647033828768 -13.5703048857272))",5GRJCVH7+VVMX
8388577,-13.57139077,32.86599214,35.6076,0.6323,"POLYGON((32.8660422063864 -13.5714081468579, 32.8659594038823 -13.571349834958, 32.8659420622392 -13.5713734013382, 32.866024864747 -13.5714317132438, 32.8660422063864 -13.5714081468579))",5GRJCVH8+C9X8
8390900,-13.57029505,32.86284798,16.4667,0.7369,"POLYGON((32.8628648733076 -13.5703157738074, 32.8628631118364 -13.5702730611521, 32.8628310883714 -13.5702743250355, 32.8628328498368 -13.5703170376913, 32.8628648733076 -13.5703157738074))",5GRJCVH7+V4Q2
8397987,-13.56686288,32.86075905,26.3155,0.7471,"POLYGON((32.8607925666373 -13.5668495797493, 32.8607300709928 -13.5668417110331, 32.8607255371455 -13.5668761734374, 32.8607880327986 -13.5668840421547, 32.8607925666373 -13.5668495797493))",5GRJCVM6+782F
8402728,-13.56901725,32.86264506,34.9782,0.8142,"POLYGON((32.8626703761287 -13.5690461104158, 32.862669613261 -13.5689877592722, 32.8626197477563 -13.5689883831821, 32.8626205106118 -13.5690467343258, 32.8626703761287 -13.5690461104158))",5GRJCVJ7+93R8
8402826,-13.57178929,32.86258565,16.8779,0.6294,"POLYGON((32.8626099884834 -13.5718009504164, 32.8626025555742 -13.5717685484702, 32.8625612948797 -13.5717776066112, 32.8625687277836 -13.5718100085589, 32.8626099884834 -13.5718009504164))",5GRJCVH7+72PG
8403786,-13.56981939,32.86513977,20.0298,0.7194,"POLYGON((32.8651657584731 -13.5698062604994, 32.8651239831433 -13.5697953019127, 32.8651137822473 -13.5698325175797, 32.8651555575835 -13.5698434761682, 32.8651657584731 -13.5698062604994))",5GRJCVJ8+33C7
8407544,-13.5664462,32.86104802,25.28,0.7461,"POLYGON((32.8610658591052 -13.566474030732, 32.8610697555815 -13.5664211526335, 32.8610301853867 -13.5664183620201, 32.8610262889016 -13.566471240118, 32.8610658591052 -13.566474030732))",5GRJCVM6+CCF4
8410858,-13.5673839,32.86035873,30.4833,0.8104,"POLYGON((32.8603916409267 -13.5673696204156, 32.8603443821327 -13.5673515931924, 32.8603258149538 -13.5673981765636, 32.8603730737556 -13.5674162037905, 32.8603916409267 -13.5673696204156))",5GRJCVM6+24XM
8411865,-13.56893264,32.86192183,48.131,0.8103,"POLYGON((32.861967763548 -13.5689147963372, 32.8618814704805 -13.5689047199885, 32.8618758879541 -13.568950473923, 32.8619621810377 -13.5689605502736, 32.861967763548 -13.5689147963372))",5GRJCVJ6+CQFM
8422868,-13.57138932,32.86433857,37.4781,0.7031,"POLYGON((32.8643680649454 -13.5713601973143, 32.8643239353966 -13.5713509045848, 32.8643090759599 -13.5714184358408, 32.8643532055201 -13.571427728573, 32.8643680649454 -13.5713601973143))",5GRJCVH7+CPWH
8433585,-13.57176447,32.8660063,25.6638,0.7516,"POLYGON((32.8660375525796 -13.5717536199469, 32.8659990650294 -13.571732804766, 32.8659750517136 -13.5717752967712, 32.8660135392686 -13.5717961119556, 32.8660375525796 -13.5717536199469))",5GRJCVH8+7CRC
8433712,-13.56726234,32.8615302,9.4178,0.6277,"POLYGON((32.8615408018048 -13.5672793568178, 32.8615441691526 -13.5672478161765, 32.8615195945115 -13.5672453052349, 32.8615162271604 -13.5672768458759, 32.8615408018048 -13.5672793568178))",5GRJCVM6+3JRH
8434159,-13.56692351,32.86031865,40.8084,0.776,"POLYGON((32.8603514500603 -13.5669487875481, 32.8603475533227 -13.566894037149, 32.8602858397134 -13.5668982408039, 32.8602897364369 -13.5669529912039, 32.8603514500603 -13.5669487875481))",5GRJCVM6+64P2
8442414,-13.56872732,32.86118471,8.1637,0.6305,"POLYGON((32.8611969882021 -13.5687417789009, 32.8611943819108 -13.5687110929172, 32.8611723992365 -13.5687128797731, 32.861175005525 -13.568743565757, 32.8611969882021 -13.5687417789009))",5GRJCVJ6+GF3X
8442454,-13.56549852,32.86111087,16.4085,0.6439,"POLYGON((32.8611319160417 -13.565515478222, 32.8611344020554 -13.5654850418103, 32.8610898335729 -13.5654815578219, 32.8610873475537 -13.5655119942329, 32.8611319160417 -13.565515478222))",5GRJCVM6+RC54
8442926,-13.56529071,32.86099764,21.7488,0.7583,"POLYGON((32.8610144318127 -13.5653162181439, 32.8610181165484 -13.5652679279756, 32.8609808533187 -13.5652652067305, 32.8609771685756 -13.5653134968982, 32.8610144318127 -13.5653162181439))",5GRJCVM6+V9Q9
8451698,-13.56894675,32.8616355,11.6433,0.704,"POLYGON((32.8616523115997 -13.5689616567849, 32.8616547735051 -13.5689350429239, 32.8616186701547 -13.5689318467024, 32.8616162082452 -13.568958460563, 32.8616523115997 -13.5689616567849))",5GRJCVJ6+CMC3
8458874,-13.57030961,32.86443799,24.666,0.7571,"POLYGON((32.8644601990821 -13.5703331576774, 32.8644568459621 -13.5702834092481, 32.8644157725705 -13.5702860586645, 32.8644191256818 -13.5703358070942, 32.8644601990821 -13.5703331576774))",5GRJCVH7+VQGJ
8463312,-13.57148663,32.86246549,56.5904,0.7785,"POLYGON((32.8625182068327 -13.5714990885479, 32.8625062334532 -13.5714516022689, 32.8624127680722 -13.5714741558325, 32.8624247414341 -13.5715216421154, 32.8625182068327 -13.5714990885479))",5GRJCVH6+CX4H
8466377,-13.57041438,32.86465332,11.1744,0.7063,"POLYGON((32.8646692787748 -13.5704297946606, 32.8646734367577 -13.5704046735102, 32.8646373731917 -13.5703989609325, 32.8646332152052 -13.5704240820822, 32.8646692787748 -13.5704297946606))",5GRJCVH7+RVJH
8468370,-13.56844284,32.860932,42.8185,0.7965,"POLYGON((32.8609670424153 -13.5684189994099, 32.8609064350854 -13.5684094002347, 32.860896955863 -13.5684666786508, 32.860957563207 -13.5684762778285, 32.8609670424153 -13.5684189994099))",5GRJCVJ6+J9F9
8471818,-13.56992338,32.86575183,35.6602,0.6488,"POLYGON((32.8657769356968 -13.5698929049906, 32.8657303434633 -13.5698903714346, 32.8657267364222 -13.5699538541151, 32.865773328668 -13.5699563876719, 32.8657769356968 -13.5698929049906))",5GRJCVJ8+28J2
8481387,-13.5718336,32.86565602,35.3739,0.7638,"POLYGON((32.8656919718434 -13.5718193204892, 32.8656399396705 -13.5717990538592, 32.8656200683028 -13.5718478778061, 32.8656721004847 -13.5718681444403, 32.8656919718434 -13.5718193204892))",5GRJCVH8+776Q
8489358,-13.56907539,32.8611389,6.0775,0.6216,"POLYGON((32.8611509216467 -13.5690858314655, 32.8611500181882 -13.5690640384458, 32.8611268541443 -13.5690649574759, 32.8611277576007 -13.5690867504956, 32.8611509216467 -13.5690858314655))",5GRJCVJ6+9F6V
8489438,-13.57149443,32.86587098,41.5616,0.8142,"POLYGON((32.8659176937908 -13.5714997935736, 32.8658472586287 -13.5714546911155, 32.8658242623235 -13.571489059835, 32.865894697491 -13.5715341622993, 32.8659176937908 -13.5714997935736))",5GRJCVH8+C859
8491447,-13.56652477,32.86119425,12.6546,0.6647,"POLYGON((32.8612081221413 -13.5665442896731, 32.8612068048812 -13.566504419929, 32.8611804252127 -13.5665052540541, 32.8611817424683 -13.5665451237982, 32.8612081221413 -13.5665442896731))",5GRJCVM6+9FW2
8494412,-13.56965075,32.86509105,7.3136,0.6373,"POLYGON((32.8651004676995 -13.569668855841, 32.8650979107087 -13.5696315701977, 32.8650816640867 -13.5696326364827, 32.865084221075 -13.5696699221263, 32.8651004676995 -13.569668855841))",5GRJCVJ8+42PX
8495112,-13.57023244,32.86171689,8.0653,0.6755,"POLYGON((32.8617321097421 -13.5702434730586, 32.8617321224925 -13.5702214445061, 32.8617016603799 -13.5702214276303, 32.8617016476267 -13.5702434561829, 32.8617321097421 -13.5702434730586))",5GRJCVH6+WM4Q
8497672,-13.56754253,32.86211773,66.3244,0.8221,"POLYGON((32.8621607339841 -13.5675731609639, 32.8621453438124 -13.5674980428437, 32.8620747211778 -13.5675118903981, 32.8620901113278 -13.5675870085225, 32.8621607339841 -13.5675731609639))",5GRJCVJ6+XRQ9
8499291,-13.56982557,32.86474549,78.4188,0.7954,"POLYGON((32.864799117664 -13.5698023547915, 32.8647093488031 -13.5697803907681, 32.8646918611019 -13.5698487927156, 32.8647816299876 -13.5698707567456, 32.864799117664 -13.5698023547915))",5GRJCVJ7+3V9X
8499326,-13.57194237,32.86547847,43.4034,0.7334,"POLYGON((32.8655191802932 -13.5719287076813, 32.8654681173158 -13.5719014955323, 32.8654377483656 -13.5719560320493, 32.8654888113512 -13.5719832442044, 32.8655191802932 -13.5719287076813))",5GRJCVH8+65H7
8505416,-13.57137961,32.86265136,22.8394,0.7887,"POLYGON((32.862671304012 -13.5714042986568, 32.8626681366137 -13.5713527568698, 32.8626314010579 -13.5713549173276, 32.8626345684483 -13.571406459115, 32.862671304012 -13.5714042986568))",5GRJCVH7+C3RX
8507962,-13.56703073,32.86117878,28.7918,0.7291,"POLYGON((32.8611986099097 -13.5670589456632, 32.8612081602466 -13.5670121262397, 32.861158955872 -13.5670025205362, 32.8611494055259 -13.5670493399576, 32.8611986099097 -13.5670589456632))",5GRJCVM6+5FMP
8509737,-13.57064795,32.86456233,12.9309,0.7022,"POLYGON((32.8645744539041 -13.5706679468694, 32.8645794522143 -13.5706318274088, 32.8645502020724 -13.5706279536789, 32.8645452037578 -13.5706640731389, 32.8645744539041 -13.5706679468694))",5GRJCVH7+PRV5
8509841,-13.57009985,32.86581755,58.243,0.7574,"POLYGON((32.8658556690573 -13.5700684713245, 32.8657879866399 -13.5700606320144, 32.8657794413105 -13.5701312389831, 32.8658471237474 -13.5701390782956, 32.8658556690573 -13.5700684713245))",5GRJCVH8+X882
8529511,-13.57071848,32.86463611,17.8477,0.6552,"POLYGON((32.8646592754578 -13.5707355604641, 32.8646618417324 -13.5707053902398, 32.8646129614755 -13.5707014112066, 32.8646103951947 -13.5707315814303, 32.8646592754578 -13.5707355604641))",5GRJCVH7+PV67
8541532,-13.57134659,32.86575245,12.0741,0.6405,"POLYGON((32.8657702936401 -13.5713602555318, 32.8657669254355 -13.571329535969, 32.8657345959864 -13.571332928299, 32.8657379641878 -13.5713636478623, 32.8657702936401 -13.5713602555318))",5GRJCVH8+F862
8542406,-13.56713721,32.86097766,40.4636,0.8106,"POLYGON((32.8609962255335 -13.5671735142354, 32.8610141507319 -13.5671178950847, 32.8609590951498 -13.5671009136901, 32.86094116994 -13.5671565328369, 32.8609962255335 -13.5671735142354))",5GRJCVM6+49XF
8545142,-13.57077091,32.86546449,38.3923,0.7097,"POLYGON((32.865496193706 -13.5707449666389, 32.8654484954133 -13.5707336244274, 32.865432784058 -13.5707968564874, 32.8654804823618 -13.5708081987019, 32.865496193706 -13.5707449666389))",5GRJCVH8+M5W5
8545994,-13.5701456,32.8659086,16.2965,0.6922,"POLYGON((32.8659306420465 -13.5701620473266, 32.8659333020147 -13.5701332766148, 32.8658865576118 -13.5701291406485, 32.8658838976381 -13.5701579113597, 32.8659306420465 -13.5701620473266))",5GRJCVH8+W9V2
8551095,-13.57118203,32.8653564,30.2497,0.6852,"POLYGON((32.8653855707332 -13.5711613837909, 32.8653391469534 -13.5711511114534, 32.8653272221776 -13.5712026863641, 32.8653736459668 -13.571212958704, 32.8653855707332 -13.5711613837909))",5GRJCVH8+G4HM
8554025,-13.57075976,32.86518405,29.7688,0.7283,"POLYGON((32.8652036381 -13.5707891627474, 32.8652100193432 -13.5707355477204, 32.8651644416474 -13.5707303562511, 32.8651580603942 -13.5707839712769, 32.8652036381 -13.5707891627474))",5GRJCVH8+M3VQ
8555666,-13.56647156,32.86109247,30.0025,0.7827,"POLYGON((32.8611170280587 -13.566497029292, 32.8611205075321 -13.5664498101037, 32.8610679171685 -13.5664461012771, 32.8610644376848 -13.5664933204646, 32.8611170280587 -13.566497029292))",5GRJCVM6+CC85
8558198,-13.57081609,32.8626284,9.9572,0.6187,"POLYGON((32.8626430062928 -13.5708304809604, 32.862640252851 -13.5707994397547, 32.8626137637874 -13.5708016884067, 32.8626165172257 -13.5708327296127, 32.8626430062928 -13.5708304809604))",5GRJCVH7+M3C6
8564546,-13.56799853,32.86038359,9.9702,0.6668,"POLYGON((32.8603985629194 -13.568012484887, 32.860395888843 -13.5679822839399, 32.8603686268404 -13.5679845940878, 32.8603713009134 -13.5680147950351, 32.8603985629194 -13.568012484887))",5GRJCVJ6+R523
8569893,-13.57044748,32.86458928,17.4014,0.6565,"POLYGON((32.864611231701 -13.5704309953973, 32.8645673493517 -13.5704309715915, 32.8645673306465 -13.5704639644508, 32.8646112130017 -13.5704639882568, 32.864611231701 -13.5704309953973))",5GRJCVH7+RRG5
8576408,-13.56895487,32.86129056,17.8669,0.7334,"POLYGON((32.8613091825894 -13.5689755712627, 32.8613053290305 -13.5689313762766, 32.8612719363361 -13.5689341628189, 32.8612757898888 -13.5689783578052, 32.8613091825894 -13.5689755712627))",5GRJCVJ6+CG7V
8581080,-13.57056359,32.86333622,47.0246,0.8305,"POLYGON((32.8633658534713 -13.5705978071003, 32.863360354955 -13.5705254622899, 32.8633065714615 -13.5705293743547, 32.8633120699616 -13.5706017191661, 32.8633658534713 -13.5705978071003))",5GRJCVH7+Q8GH
8591329,-13.57000975,32.86039649,32.7882,0.8078,"POLYGON((32.8604264573603 -13.5700315748598, 32.8604174749558 -13.5699795141942, 32.8603665263435 -13.5699879269169, 32.8603755087372 -13.5700399875841, 32.8604264573603 -13.5700315748598))",5GRJCVH6+X5RP
8605044,-13.56484227,32.86496689,168.6718,0.7219,"POLYGON((32.8650243406956 -13.5648998905306, 32.8650320823875 -13.5647812120944, 32.8649396547803 -13.5647754416692, 32.8649363055553 -13.5648267842641, 32.8648916464897 -13.5648239961043, 32.8648872539647 -13.5648913319421, 32.8650243406956 -13.5648998905306))",5GRJCVP7+3X89
8609118,-13.56895644,32.8630781,39.486,0.7286,"POLYGON((32.8630992978504 -13.5689908478661, 32.8631111665086 -13.5689326243163, 32.8630569000749 -13.5689220376324, 32.8630450314043 -13.5689802611795, 32.8630992978504 -13.5689908478661))",5GRJCVJ7+C68M
8616364,-13.56620429,32.86057678,47.5539,0.8102,"POLYGON((32.8606151856713 -13.5661781696393, 32.8605374205768 -13.5661795588095, 32.8605383698825 -13.5662304186334, 32.8606161349936 -13.5662290294633, 32.8606151856713 -13.5661781696393))",5GRJCVM6+G68V
8625212,-13.56863482,32.86081563,33.5143,0.8146,"POLYGON((32.8608428717944 -13.5686605608346, 32.8608387282353 -13.5686054688878, 32.8607883875635 -13.5686090924065, 32.8607925311111 -13.5686641843542, 32.8608428717944 -13.5686605608346))",5GRJCVJ6+G8WJ
8634583,-13.57079296,32.86423987,41.6966,0.6384,"POLYGON((32.8642719089241 -13.5707667208326, 32.8641982196345 -13.5707707725465, 32.8642005551339 -13.5708114229828, 32.8642513648712 -13.5708086292755, 32.8642525269143 -13.5708288550897, 32.864275406481 -13.5708275970829, 32.8642719089241 -13.5707667208326))",5GRJCVH7+MMQ8
8637427,-13.56937793,32.86527041,21.64,0.6888,"POLYGON((32.8652820086602 -13.5694067089262, 32.865292901243 -13.5693561795908, 32.8652587866313 -13.56934914155, 32.8652478940416 -13.5693996708838, 32.8652820086602 -13.5694067089262))",5GRJCVJ8+64RW
8638498,-13.57128096,32.86540256,25.7109,0.7688,"POLYGON((32.8654141807004 -13.5713120711365, 32.8654293901358 -13.5712607360109, 32.8653909488259 -13.5712498363339, 32.865375739383 -13.5713011714571, 32.8654141807004 -13.5713120711365))",5GRJCVH8+F5JQ
8640945,-13.56944435,32.86316246,54.7429,0.7785,"POLYGON((32.8632035990745 -13.5694196345245, 32.8631350624132 -13.5694054561409, 32.863121312173 -13.5694690668027, 32.8631898488518 -13.5694832451895, 32.8632035990745 -13.5694196345245))",5GRJCVJ7+67F6
8641410,-13.56969492,32.86507955,25.6691,0.717,"POLYGON((32.8650562378038 -13.569671758699, 32.8650596088139 -13.5697209143608, 32.8651028613412 -13.5697180756488, 32.8650994903223 -13.5696689199875, 32.8650562378038 -13.569671758699))",5GRJCVJ8+42G8
8645263,-13.57066016,32.86519821,31.0149,0.6583,"POLYGON((32.8652469890046 -13.5706617794996, 32.8651585112069 -13.5706323801304, 32.8651494324109 -13.5706585284317, 32.8652379102173 -13.5706879278041, 32.8652469890046 -13.5706617794996))",5GRJCVH8+P3PF
8647322,-13.56852179,32.86293136,22.2299,0.8061,"POLYGON((32.8629628755457 -13.5685145644086, 32.8629110999456 -13.5684971012539, 32.8628998480382 -13.5685290280657, 32.8629516236444 -13.5685464912227, 32.8629628755457 -13.5685145644086))",5GRJCVJ7+H5V5
8650226,-13.57173896,32.86536572,23.6561,0.7858,"POLYGON((32.8653960502204 -13.5717290114829, 32.8653500360377 -13.5717116756738, 32.8653353719721 -13.571748924883, 32.8653813861612 -13.5717662606948, 32.8653960502204 -13.5717290114829))",5GRJCVH8+845G
8654568,-13.56999019,32.8623179,52.348,0.7962,"POLYGON((32.86235690742 -13.570016281611, 32.8623475994726 -13.5699542309563, 32.8622788885521 -13.5699640949905, 32.862288196482 -13.5700261456474, 32.86235690742 -13.570016281611))",5GRJCVJ6+2W46
8656102,-13.57049086,32.86464544,36.6328,0.8144,"POLYGON((32.8646565652115 -13.5705351520998, 32.8646701286658 -13.5704521709907, 32.8646343147285 -13.5704465687323, 32.8646207512621 -13.5705295498393, 32.8646565652115 -13.5705351520998))",5GRJCVH7+RV28
8660517,-13.56648644,32.86174478,26.8528,0.7549,"POLYGON((32.8617475051671 -13.5664454563928, 32.8617197164065 -13.5664534927656, 32.8617420578336 -13.5665274285584, 32.8617698466019 -13.5665193921838, 32.8617475051671 -13.5664454563928))",5GRJCVM6+CM5H
8662889,-13.56976888,32.86521838,18.901,0.7647,"POLYGON((32.8652432154158 -13.5697548899538, 32.8652095193384 -13.5697422087348, 32.8651935329283 -13.5697828616496, 32.8652272290104 -13.5697955428708, 32.8652432154158 -13.5697548899538))",5GRJCVJ8+33W9
8666465,-13.57027302,32.86316254,26.4337,0.7784,"POLYGON((32.8631870962488 -13.5702953882998, 32.8631844502603 -13.5702481809413, 32.8631380019506 -13.5702506724822, 32.863140647929 -13.5702978798412, 32.8631870962488 -13.5702953882998))",5GRJCVH7+V7V2
8693902,-13.57088115,32.86494148,12.8079,0.6894,"POLYGON((32.8649530000248 -13.570901425473, 32.8649587043187 -13.5708651991425, 32.8649299704668 -13.5708608691227, 32.8649242661688 -13.570897095452, 32.8649530000248 -13.570901425473))",5GRJCVH7+JXWJ
8710364,-13.56912065,32.86277058,7.9605,0.6297,"POLYGON((32.8627830862413 -13.5691343012861, 32.8627807576574 -13.5691052604596, 32.8627580909261 -13.5691069998475, 32.8627604195073 -13.5691360406742, 32.8627830862413 -13.5691343012861))",5GRJCVJ7+9424
8711924,-13.56798349,32.86188317,24.1713,0.7784,"POLYGON((32.8619024414829 -13.5680085679128, 32.8619096072051 -13.5679657297714, 32.8618638863258 -13.5679584104089, 32.8618567205957 -13.5680012485489, 32.8619024414829 -13.5680085679128))",5GRJCVJ6+RQ2M
8715134,-13.57114988,32.86506472,32.7153,0.8197,"POLYGON((32.8650768993607 -13.5711856537059, 32.8650946752882 -13.5711261627571, 32.8650525231249 -13.5711141091028, 32.8650347471873 -13.5711736000484, 32.8650768993607 -13.5711856537059))",5GRJCVH8+G2W2
8718407,-13.57052639,32.86304453,19.9503,0.7253,"POLYGON((32.8630657548453 -13.5705463860851, 32.8630598912349 -13.5705017828897, 32.8630232825565 -13.5705063886635, 32.8630291461602 -13.5705509918597, 32.8630657548453 -13.5705463860851))",5GRJCVH7+Q6MV
8721465,-13.56786751,32.86076926,35.0255,0.8113,"POLYGON((32.8607971157564 -13.5678939634142, 32.8608002406757 -13.5678446257741, 32.8607414020978 -13.5678410591859, 32.8607382771664 -13.5678903968252, 32.8607971157564 -13.5678939634142))",5GRJCVJ6+V828
8722849,-13.56611598,32.86058372,16.2952,0.6807,"POLYGON((32.8605970297694 -13.5661389672335, 32.8606018473342 -13.5660963969958, 32.8605703857152 -13.5660929894728, 32.860565568145 -13.56613555971, 32.8605970297694 -13.5661389672335))",5GRJCVM6+H648
8723752,-13.57024814,32.86551734,38.6085,0.7654,"POLYGON((32.8655544490862 -13.5702319275327, 32.8654968263143 -13.5702138167195, 32.8654802313884 -13.5702643470399, 32.8655378541711 -13.570282457857, 32.8655544490862 -13.5702319275327))",5GRJCVH8+W624
8725400,-13.5707381,32.86574165,82.8892,0.8336,"POLYGON((32.8657336408871 -13.5707946146793, 32.8657373017402 -13.570776367806, 32.8657706353287 -13.5707827680193, 32.8657878278541 -13.5706970748223, 32.8657180871515 -13.5706836842586, 32.8656972337466 -13.5707876243234, 32.8657336408871 -13.5707946146793))",5GRJCVH8+P75G
8729058,-13.57009104,32.86337014,26.1002,0.7741,"POLYGON((32.8633928040762 -13.5701150001373, 32.8633963507179 -13.5700708429074, 32.8633474749672 -13.5700670859974, 32.8633439283164 -13.5701112432266, 32.8633928040762 -13.5701150001373))",5GRJCVH7+X899
8731615,-13.56716256,32.86138129,12.1409,0.6895,"POLYGON((32.8613913811468 -13.5671825883818, 32.861400211258 -13.5671500821564, 32.8613711865665 -13.567142536457, 32.8613623564513 -13.5671750426815, 32.8613913811468 -13.5671825883818))",5GRJCVM6+4HJC
8731629,-13.5660583,32.86144175,36.4502,0.6365,"POLYGON((32.8614786319116 -13.5660734189092, 32.8614657494471 -13.5660270264936, 32.8614048730582 -13.566043204943, 32.8614177555111 -13.566089597361, 32.8614786319116 -13.5660734189092))",5GRJCVM6+HHGJ
8738697,-13.56975754,32.86640667,25.426,0.7631,"POLYGON((32.8664365982102 -13.5697441458904, 32.866391399162 -13.5697290234092, 32.8663767502796 -13.5697709252521, 32.8664219493349 -13.5697860477361, 32.8664365982102 -13.5697441458904))",5GRJCVJ8+3HVJ
8740423,-13.56899324,32.86103962,13.3568,0.7175,"POLYGON((32.8610538652006 -13.5690130034979, 32.8610531352913 -13.5689729880326, 32.8610253726977 -13.568973472679, 32.8610261026023 -13.5690134881443, 32.8610538652006 -13.5690130034979))",5GRJCVJ6+CC37
8743616,-13.56671739,32.86045921,21.7111,0.7115,"POLYGON((32.8604987803445 -13.5667179620277, 32.860427591448 -13.5666941008599, 32.8604196384518 -13.5667168091769, 32.8604908273539 -13.5667406703467, 32.8604987803445 -13.5667179620277))",5GRJCVM6+8588
8743851,-13.56859368,32.86212626,27.7691,0.7884,"POLYGON((32.8621548842888 -13.5686130757051, 32.8621520805716 -13.568570822029, 32.8620976311846 -13.5685742797409, 32.8621004348923 -13.5686165334174, 32.8621548842888 -13.5686130757051))",5GRJCVJ6+HV66
8745015,-13.57169123,32.86467046,40.471,0.6781,"POLYGON((32.8646971883257 -13.5717224866804, 32.8647056239321 -13.5716693781558, 32.8646437159231 -13.5716599676134, 32.8646352803028 -13.5717130761361, 32.8646971883257 -13.5717224866804))",5GRJCVH7+8VF7
8755552,-13.57144483,32.86263136,32.4747,0.8236,"POLYGON((32.862662204232 -13.5714657666318, 32.862658492116 -13.5714194543532, 32.862600507336 -13.5714239022532, 32.8626042194408 -13.5714702145325, 32.862662204232 -13.5714657666318))",5GRJCVH7+C3C6
8758805,-13.57064115,32.86504944,30.4428,0.6689,"POLYGON((32.8650681646588 -13.5706712314574, 32.8650791897099 -13.5706213151225, 32.8650307110066 -13.5706110678483, 32.8650196859472 -13.5706609841814, 32.8650681646588 -13.5706712314574))",5GRJCVH8+P2V8
8767297,-13.56801529,32.8603958,8.4415,0.6195,"POLYGON((32.8604048301877 -13.5680316947626, 32.8604136962574 -13.5680089159369, 32.8603867680418 -13.5679988851173, 32.86037790197 -13.5680216639422, 32.8604048301877 -13.5680316947626))",5GRJCVJ6+Q5R8
8770137,-13.57004908,32.8642404,61.6391,0.723,"POLYGON((32.8642988110855 -13.5700612893626, 32.8642891931376 -13.570015378619, 32.864181992075 -13.5700368711812, 32.8641916100026 -13.570082781927, 32.8642988110855 -13.5700612893626))",5GRJCVH7+XMQ4
8776629,-13.57063367,32.86462556,41.3442,0.8245,"POLYGON((32.8646591754569 -13.5706091533795, 32.8646005890351 -13.5706007121969, 32.8645919371354 -13.5706581799307, 32.8646505235709 -13.5706666211154, 32.8646591754569 -13.5706091533795))",5GRJCVH7+PVRJ
8780373,-13.56495069,32.86427469,35.4167,0.6897,"POLYGON((32.8643005182109 -13.5649801941343, 32.8642958985104 -13.5649178654241, 32.8642488703879 -13.5649212014016, 32.8642534900765 -13.5649835301125, 32.8643005182109 -13.5649801941343))",5GRJCVP7+2P6X
8785754,-13.56851498,32.86228344,55.1505,0.8243,"POLYGON((32.8623177441361 -13.5685488323887, 32.8623122507395 -13.5684765375238, 32.862249130142 -13.5684811277173, 32.8622546235196 -13.5685534225833, 32.8623177441361 -13.5685488323887))",5GRJCVJ6+HWVC
8796397,-13.57010063,32.8640058,23.0856,0.7181,"POLYGON((32.8640254900263 -13.5701261284672, 32.8640220828491 -13.5700729359783, 32.8639861150986 -13.5700751408252, 32.8639895222677 -13.5701283333144, 32.8640254900263 -13.5701261284672))",5GRJCVH7+XJ2R
8801546,-13.57001073,32.86130712,23.41,0.7851,"POLYGON((32.8613227856986 -13.5700378504372, 32.8613313297493 -13.5699904982004, 32.8612914399909 -13.5699836099885, 32.8612828959325 -13.5700309622238, 32.8613227856986 -13.5700378504372))",5GRJCVH6+XGVH
8820513,-13.56562997,32.86086322,22.5902,0.8001,"POLYGON((32.8608932761384 -13.565621966865, 32.860850775731 -13.5656020195064, 32.860833146486 -13.5656379678712, 32.860875646898 -13.5656579152326, 32.8608932761384 -13.565621966865))",5GRJCVM6+P8XW
8824119,-13.57137661,32.86280469,36.6252,0.7618,"POLYGON((32.8628332172142 -13.5714033896191, 32.8628295663111 -13.5713465550166, 32.8627761612557 -13.571349838128, 32.8627798121461 -13.5714066727311, 32.8628332172142 -13.5714033896191))",5GRJCVH7+C4VX
8831313,-13.56946953,32.86541551,46.9146,0.8152,"POLYGON((32.8654566427684 -13.5694524919427, 32.8653991312756 -13.5694288740895, 32.8653743711897 -13.569486575951, 32.8654318826939 -13.5695101938098, 32.8654566427684 -13.5694524919427))",5GRJCVJ8+6577
8837202,-13.57046776,32.86499439,58.7444,0.8116,"POLYGON((32.8650383160411 -13.5704439724623, 32.8649644181196 -13.5704283521266, 32.8649504614654 -13.5704915413124, 32.8650243594055 -13.5705071616525, 32.8650383160411 -13.5704439724623))",5GRJCVH7+RX99
8839771,-13.57171603,32.86572719,26.149,0.7152,"POLYGON((32.8657617410487 -13.5717176148113, 32.8657159137195 -13.5716840393106, 32.8656926291405 -13.5717144541556, 32.8657384564729 -13.5717480296611, 32.8657617410487 -13.5717176148113))",5GRJCVH8+8797
8843763,-13.57155472,32.86560085,23.7264,0.7657,"POLYGON((32.8656313027845 -13.5715441784243, 32.8655826372323 -13.5715286151862, 32.8655703909423 -13.5715652624834, 32.8656190565011 -13.5715808257241, 32.8656313027845 -13.5715441784243))",5GRJCVH8+96HR
8846813,-13.56910755,32.86260253,21.265,0.7896,"POLYGON((32.8626218562116 -13.5691301053897, 32.8626261915608 -13.5690893860965, 32.862583208044 -13.5690850063287, 32.8625788726877 -13.5691257256212, 32.8626218562116 -13.5691301053897))",5GRJCVJ7+925M
8856965,-13.56960553,32.86484464,41.0733,0.7703,"POLYGON((32.8648590942788 -13.5696479634295, 32.8648729285852 -13.5695703953468, 32.8648301745877 -13.5695630978422, 32.8648163402678 -13.5696406659228, 32.8648590942788 -13.5696479634295))",5GRJCVJ7+5W5J
8860722,-13.57190587,32.86565199,9.7771,0.6635,"POLYGON((32.8656680208271 -13.5719182657757, 32.8656662314756 -13.5718915174862, 32.8656359493082 -13.571893456142, 32.8656377386562 -13.5719202044322, 32.8656680208271 -13.5719182657757))",5GRJCVH8+67JQ
8862817,-13.5683435,32.86067838,23.1055,0.6975,"POLYGON((32.8606958264938 -13.5683689907787, 32.8607051146221 -13.5683274612369, 32.860660940039 -13.5683180060208, 32.8606516519033 -13.5683595355608, 32.8606958264938 -13.5683689907787))",5GRJCVJ6+M778
8869079,-13.57138512,32.86428283,42.8634,0.761,"POLYGON((32.8643207590356 -13.5713653401053, 32.8642565665919 -13.5713518225485, 32.8642448835027 -13.5714049182808, 32.8643090759599 -13.5714184358408, 32.8643207590356 -13.5713653401053))",5GRJCVH7+CPVC
8869775,-13.56947766,32.86302043,54.8303,0.8321,"POLYGON((32.863037345222 -13.569525068525, 32.8630554504646 -13.5694409450653, 32.8630035239018 -13.5694302495782, 32.8629854186421 -13.569514373034, 32.863037345222 -13.569525068525))",5GRJCVJ7+662W
8874713,-13.56834557,32.86414645,118.1864,0.8139,"POLYGON((32.8641008 -13.5684079, 32.8641854 -13.568406, 32.8641822 -13.5682691, 32.8641287 -13.5682703, 32.86413 -13.5683266, 32.864099 -13.5683273, 32.8641008 -13.5684079))",5GRJCVJ7+MM64
8875728,-13.56979699,32.86634084,29.0935,0.7422,"POLYGON((32.866371888748 -13.5697802849502, 32.8663186999583 -13.5697699178676, 32.8663097852148 -13.569813689681, 32.8663629740139 -13.5698240567655, 32.866371888748 -13.5697802849502))",5GRJCVJ8+3GP5
8876938,-13.56948188,32.86106683,54.9595,0.8087,"POLYGON((32.8610982949661 -13.5695178171254, 32.8611047094615 -13.5694524704721, 32.8610353737299 -13.569445956882, 32.8610289592161 -13.5695113035333, 32.8610982949661 -13.5695178171254))",5GRJCVJ6+6C4J
8883556,-13.56951014,32.86189523,23.3727,0.7396,"POLYGON((32.8619182026063 -13.5695319607463, 32.8619224927943 -13.5694936965994, 32.8618722762226 -13.5694883082571, 32.8618679860267 -13.5695265724029, 32.8619182026063 -13.5695319607463))",5GRJCVJ6+5QRG
8885220,-13.56978397,32.86617244,22.7865,0.6208,"POLYGON((32.8661877098882 -13.5698109666621, 32.8661958458335 -13.5697632857814, 32.8661571626046 -13.5697569688063, 32.8661490266518 -13.5698046496868, 32.8661877098882 -13.5698109666621))",5GRJCVJ8+3FMP
8885385,-13.56535495,32.86042255,29.9711,0.8,"POLYGON((32.8604524925859 -13.5653359386471, 32.8604035031812 -13.5653254082116, 32.8603925976597 -13.5653739639866, 32.8604415870738 -13.5653844944245, 32.8604524925859 -13.5653359386471))",5GRJCVM6+V53W
8890248,-13.56970932,32.86169956,9.3666,0.6422,"POLYGON((32.8617105860064 -13.5697257307709, 32.8617145051567 -13.5696962134512, 32.8616885416553 -13.5696929143083, 32.8616846225019 -13.5697224316276, 32.8617105860064 -13.5697257307709))",5GRJCVJ6+4M8M
8919534,-13.56926075,32.86243055,10.3428,0.6785,"POLYGON((32.8624448296531 -13.569275902794, 32.8624440428945 -13.5692449348128, 32.8624162725044 -13.5692456100153, 32.8624170592594 -13.5692765779965, 32.8624448296531 -13.569275902794))",5GRJCVJ6+7XVH
8924139,-13.5701576,32.86583206,45.9607,0.618,"POLYGON((32.8658743616878 -13.5701372418868, 32.865793607841 -13.5701309008229, 32.86578974739 -13.5701779507839, 32.8658705012526 -13.5701842918492, 32.8658743616878 -13.5701372418868))",5GRJCVH8+W8PP
8930469,-13.57163697,32.86565442,62.2094,0.8377,"POLYGON((32.8657041832952 -13.5716230565513, 32.865648149784 -13.5715867127662, 32.8656046623517 -13.5716508775748, 32.8656606958711 -13.5716872213696, 32.8657041832952 -13.5716230565513))",5GRJCVH8+87RH
8934021,-13.57113087,32.86607141,22.9688,0.782,"POLYGON((32.8661015507577 -13.5711193991598, 32.8660496565212 -13.5711074546567, 32.8660412642694 -13.5711423483373, 32.8660931585129 -13.5711542928422, 32.8661015507577 -13.5711193991598))",5GRJCVH8+GCWM
8934127,-13.57000076,32.86396188,37.9521,0.6427,"POLYGON((32.8639897314492 -13.5700310646827, 32.8639804558955 -13.5699642799097, 32.8639340323359 -13.569970450435, 32.863943307877 -13.5700372352096, 32.8639897314492 -13.5700310646827))",5GRJCVH7+XHWX
8935559,-13.57022621,32.86287804,24.596,0.7479,"POLYGON((32.8629021919349 -13.570247251585, 32.8629000170654 -13.5702029994085, 32.8628538797454 -13.570205169464, 32.8628560546064 -13.570249421641, 32.8629021919349 -13.570247251585))",5GRJCVH7+W52R
8938701,-13.56879869,32.86082545,20.4915,0.7602,"POLYGON((32.8608485453153 -13.5688169849469, 32.8608401925137 -13.568773460253, 32.8608023555553 -13.5687804095129, 32.8608107083503 -13.568823934208, 32.8608485453153 -13.5688169849469))",5GRJCVJ6+F8P3
8939055,-13.57010074,32.86393624,58.6614,0.8104,"POLYGON((32.8639702226862 -13.5701401620654, 32.8639679223601 -13.570064291348, 32.8638976650087 -13.5700663299205, 32.863899257863 -13.5701188669045, 32.8639187195621 -13.5701183022097, 32.8639194270135 -13.5701416359438, 32.8639702226862 -13.5701401620654))",5GRJCVH7+XH3X
8941118,-13.56559741,32.86045142,20.0747,0.7342,"POLYGON((32.860467741239 -13.5656215888542, 32.8604717230113 -13.5655763167937, 32.8604351018851 -13.5655732342011, 32.860431120106 -13.5656185062609, 32.860467741239 -13.5656215888542))",5GRJCVM6+Q583
8956487,-13.56887456,32.86274765,52.0671,0.8522,"POLYGON((32.8627825755425 -13.5689054919467, 32.8627814584125 -13.5688424768525, 32.8627127339536 -13.5688436428369, 32.8627138510655 -13.5689066579312, 32.8627825755425 -13.5689054919467))",5GRJCVJ7+F355
8958968,-13.57187702,32.86531317,36.411,0.77,"POLYGON((32.8653497278512 -13.5718626594068, 32.8653008218167 -13.5718404264644, 32.8652766225492 -13.5718913692033, 32.8653255285915 -13.5719136021504, 32.8653497278512 -13.5718626594068))",5GRJCVH8+64WR
8961830,-13.56910037,32.86268743,10.1364,0.7221,"POLYGON((32.862701716298 -13.569115247761, 32.8627045959922 -13.5690887418623, 32.8626731338654 -13.5690854705867, 32.8626702541677 -13.5691119764849, 32.862701716298 -13.569115247761))",5GRJCVJ7+933X
8969424,-13.57188531,32.865542,31.7834,0.7989,"POLYGON((32.8655785360934 -13.5718812860819, 32.8655372750722 -13.5718496405447, 32.865505464765 -13.5718893331798, 32.8655467257888 -13.5719209787221, 32.8655785360934 -13.5718812860819))",5GRJCVH8+66VF
8977595,-13.56754602,32.86050707,56.915,0.8124,"POLYGON((32.8605505547394 -13.5675218839641, 32.8604722905046 -13.5675108840905, 32.8604635847737 -13.567570164489, 32.8605418490274 -13.5675811643655, 32.8605505547394 -13.5675218839641))",5GRJCVJ6+X6J2
8978988,-13.57113044,32.86321203,78.3597,0.7503,"POLYGON((32.8632681701288 -13.5711567283128, 32.8632637722096 -13.5710966076831, 32.8631558830893 -13.5711041606462, 32.8631602809815 -13.5711642812794, 32.8632681701288 -13.5711567283128))",5GRJCVH7+G7WQ
8981542,-13.57065489,32.86436502,102.0379,0.8627,"POLYGON((32.8643932563251 -13.5707175783847, 32.8644085847763 -13.5706012638159, 32.8643367897594 -13.5705922090308, 32.8643214612736 -13.5707085235948, 32.8643932563251 -13.5707175783847))",5GRJCVH7+PPQW
8985144,-13.57146717,32.8625461,41.0319,0.8033,"POLYGON((32.8625859755792 -13.5714827356587, 32.862574002187 -13.5714352493826, 32.8625062334532 -13.5714516022689, 32.8625182068327 -13.5714990885479, 32.8625859755792 -13.5714827356587))",5GRJCVH7+C277
8991991,-13.56681,32.86087631,14.4375,0.7159,"POLYGON((32.8608873968445 -13.5668321894539, 32.8608951585352 -13.5667935746129, 32.8608652096146 -13.5667878133615, 32.8608574479194 -13.5668264282016, 32.8608873968445 -13.5668321894539))",5GRJCVM6+79CJ
8993176,-13.57041799,32.86472674,14.1186,0.7718,"POLYGON((32.8647441573568 -13.5703998341136, 32.8647160696708 -13.5703953849478, 32.8647093243472 -13.5704361379939, 32.8647374120379 -13.5704405871604, 32.8647441573568 -13.5703998341136))",5GRJCVH7+RVQ7
8998774,-13.56704761,32.8614194,23.5376,0.7089,"POLYGON((32.8614500343697 -13.5670358611287, 32.8613966452825 -13.5670243678944, 32.8613887757329 -13.5670593537463, 32.8614421648276 -13.5670708469824, 32.8614500343697 -13.5670358611287))",5GRJCVM6+5HM3
9001778,-13.56973614,32.8650747,10.9094,0.6174,"POLYGON((32.8650898065397 -13.5697513685457, 32.865087592091 -13.5697190777877, 32.8650596088139 -13.5697209143608, 32.8650618232589 -13.5697532051188, 32.8650898065397 -13.5697513685457))",5GRJCVJ8+424F
9003626,-13.56911346,32.86148837,35.2285,0.8318,"POLYGON((32.8615158994572 -13.5691400817541, 32.8615152490841 -13.5690862130348, 32.8614608463659 -13.5690868416247, 32.8614614967268 -13.5691407103439, 32.8615158994572 -13.5691400817541))",5GRJCVJ6+9H5G
9008296,-13.56921317,32.86233344,8.0783,0.6116,"POLYGON((32.8623486951004 -13.5692234936523, 32.8623444224686 -13.5691985761968, 32.8623181871505 -13.5692028814878, 32.8623224597796 -13.5692277989437, 32.8623486951004 -13.5692234936523))",5GRJCVJ6+8W8G
9013495,-13.56970081,32.86182626,17.0122,0.7717,"POLYGON((32.8618401506064 -13.5697233822548, 32.8618484536943 -13.569685897968, 32.8618123870367 -13.5696782522345, 32.8618040839433 -13.56971573652, 32.8618401506064 -13.5697233822548))",5GRJCVJ6+4P8V
9023768,-13.56613553,32.860014,32.0539,0.7979,"POLYGON((32.860029940145 -13.5661682935628, 32.8600450297662 -13.5661156561993, 32.8599980593824 -13.5661027694196, 32.8599829697518 -13.5661554067802, 32.860029940145 -13.5661682935628))",5GRJCVM6+G2RF
9031274,-13.57172046,32.86297945,7.1206,0.6133,"POLYGON((32.8629911759536 -13.5717332182583, 32.8629943166844 -13.571711366726, 32.8629677302498 -13.5717077097314, 32.8629645895167 -13.5717295612634, 32.8629911759536 -13.5717332182583))",5GRJCVH7+8593
9032678,-13.57124399,32.86527531,12.9273,0.6342,"POLYGON((32.8652902488902 -13.5712610476918, 32.8652865554122 -13.5712185055603, 32.8652724490606 -13.5712196776149, 32.8652541527114 -13.5712640468136, 32.8652902488902 -13.5712610476918))",5GRJCVH8+G429
9034297,-13.5697833,32.86504409,41.7884,0.8343,"POLYGON((32.8650816268391 -13.5697636196105, 32.8650168505295 -13.5697512687751, 32.8650065483343 -13.5698029784457, 32.8650713246573 -13.5698153292838, 32.8650816268391 -13.5697636196105))",5GRJCVJ8+32MM
9035170,-13.57031827,32.86140473,26.4675,0.7501,"POLYGON((32.8614274894739 -13.5703425351645, 32.8614266574011 -13.570293272403, 32.861381968388 -13.5702939947758, 32.8613828004514 -13.5703432575373, 32.8614274894739 -13.5703425351645))",5GRJCVH6+VHC9
9039264,-13.56893236,32.86112164,38.0567,0.7363,"POLYGON((32.861148164936 -13.568962287598, 32.861147589701 -13.5689019455382, 32.8610951214753 -13.5689024242162, 32.8610956966971 -13.5689627662748, 32.861148164936 -13.568962287598))",5GRJCVJ6+CCHQ
9040511,-13.57031028,32.86437705,15.4323,0.7745,"POLYGON((32.8643970627269 -13.5703263653433, 32.8643889793569 -13.570287779944, 32.8643570444682 -13.5702941825268, 32.8643651278335 -13.570332767927, 32.8643970627269 -13.5703263653433))",5GRJCVH7+VQCC
9043901,-13.56960619,32.86253865,13.7262,0.7057,"POLYGON((32.862554473153 -13.5696246997316, 32.8625612619499 -13.5695965652713, 32.8625228129413 -13.5695876863011, 32.8625160241402 -13.5696158207603, 32.862554473153 -13.5696246997316))",5GRJCVJ7+523J
9044379,-13.56987721,32.86084011,26.31,0.735,"POLYGON((32.8608683190371 -13.5698957586621, 32.8608655473261 -13.5698551445522, 32.86081188896 -13.5698586490825, 32.8608146606618 -13.5698992631927, 32.8608683190371 -13.5698957586621))",5GRJCVJ6+28WX
9054338,-13.57020384,32.86469489,22.0793,0.7048,"POLYGON((32.8647224782242 -13.5701895177728, 32.8646733282691 -13.5701817322732, 32.8646673000302 -13.5702181529238, 32.8647164499925 -13.5702259384245, 32.8647224782242 -13.5701895177728))",5GRJCVH7+WV8R
9057825,-13.57021078,32.86462868,44.9377,0.7182,"POLYGON((32.8646603778625 -13.5701796808885, 32.8646086271475 -13.5701714834069, 32.8645969745229 -13.570241884633, 32.8646487252527 -13.5702500821169, 32.8646603778625 -13.5701796808885))",5GRJCVH7+WV6C
9058364,-13.56894673,32.86233852,15.6343,0.7055,"POLYGON((32.8623537727822 -13.5689688825085, 32.8623518240174 -13.5689234123581, 32.8623232670127 -13.5689245836648, 32.862325215772 -13.5689700538154, 32.8623537727822 -13.5689688825085))",5GRJCVJ6+CWG5
9062822,-13.56640134,32.86025285,8.9496,0.6056,"POLYGON((32.8602654822117 -13.5664167115322, 32.8602631367743 -13.5663843696419, 32.8602402293956 -13.5663859595371, 32.86024257483 -13.5664183014277, 32.8602654822117 -13.5664167115322))",5GRJCVM6+C4JR
9068764,-13.56744731,32.86052147,27.2524,0.7473,"POLYGON((32.8605396837146 -13.5674755421699, 32.8605483273459 -13.5674267051717, 32.8605032510588 -13.5674190698611, 32.8604946074185 -13.5674679068576, 32.8605396837146 -13.5674755421699))",5GRJCVM6+26C4
9075678,-13.57042761,32.86277959,112.898,0.834,"POLYGON((32.862774488991 -13.570342560003, 32.8627206088566 -13.5703649231028, 32.8627846829057 -13.5705126634029, 32.8628385630679 -13.5704903002901, 32.862774488991 -13.570342560003))",5GRJCVH7+R4CX
9078001,-13.57136997,32.8658755,24.352,0.6605,"POLYGON((32.8659079128529 -13.571373223342, 32.8658715266848 -13.571338323451, 32.8658430720548 -13.5713667145163, 32.8658794582227 -13.5714016144113, 32.8659079128529 -13.571373223342))",5GRJCVH8+F926
9078681,-13.57151729,32.86338212,28.9561,0.6526,"POLYGON((32.8633931364328 -13.5715532033341, 32.8634068771303 -13.5714886766704, 32.8633710938986 -13.5714813843578, 32.863357353192 -13.5715459110191, 32.8633931364328 -13.5715532033341))",5GRJCVH7+99R6
9079013,-13.56885894,32.86283704,24.7077,0.7039,"POLYGON((32.8628629492502 -13.5688785256764, 32.8628618113203 -13.5688379932958, 32.8628111325132 -13.568839354941, 32.8628122704341 -13.5688798873217, 32.8628629492502 -13.5688785256764))",5GRJCVJ7+F44Q
9088868,-13.56890961,32.86495871,17.3491,0.6737,"POLYGON((32.8649818073747 -13.5689252398871, 32.8649818250261 -13.5688940067642, 32.8649356097566 -13.5688939817638, 32.8649355920993 -13.5689252148866, 32.8649818073747 -13.5689252398871))",5GRJCVJ7+CXPP
9100387,-13.57121793,32.8654032,17.524,0.6007,"POLYGON((32.8654307217472 -13.5712092653687, 32.8653828769437 -13.5711978276148, 32.8653756936295 -13.5712265841011, 32.8654235384382 -13.5712380218564, 32.8654307217472 -13.5712092653687))",5GRJCVH8+G569
9108443,-13.571569,32.86489672,6.8709,0.6331,"POLYGON((32.8649078251606 -13.571581947974, 32.864911915324 -13.5715609635673, 32.8648856286691 -13.571556060191, 32.8648815385034 -13.5715770445973, 32.8649078251606 -13.571581947974))",5GRJCVH7+9XC8
9125059,-13.5669358,32.86083704,11.7528,0.6322,"POLYGON((32.860849219522 -13.5669542900457, 32.8608575341318 -13.5669267509023, 32.8608248764669 -13.5669173144308, 32.8608165618538 -13.5669448535729, 32.860849219522 -13.5669542900457))",5GRJCVM6+68GH
9125617,-13.5704852,32.86583272,60.2962,0.7421,"POLYGON((32.8658318201744 -13.5705474761964, 32.8658736949426 -13.5704375305181, 32.8658336285298 -13.5704229264241, 32.8657917537469 -13.5705328720963, 32.8658318201744 -13.5705474761964))",5GRJCVH8+R84G
9126038,-13.57108777,32.86494047,8.9331,0.6242,"POLYGON((32.8649478779918 -13.5711056450649, 32.8649567581796 -13.5710769091872, 32.8649330594983 -13.5710699004542, 32.864924179308 -13.571098636331, 32.8649478779918 -13.5711056450649))",5GRJCVH7+HX8C
9134717,-13.57053363,32.86386322,54.2049,0.6926,"POLYGON((32.8639012546099 -13.5705602369442, 32.8638961657497 -13.5704890224384, 32.8638624560019 -13.5704913277352, 32.8638644650109 -13.570519442267, 32.8638160353984 -13.5705227541977, 32.8638191152305 -13.5705658541726, 32.8639012546099 -13.5705602369442))",5GRJCVH7+QGQP
9135212,-13.57023801,32.86468259,26.0279,0.7184,"POLYGON((32.8647164499925 -13.5702259384245, 32.8646543496216 -13.5702161015388, 32.8646487252527 -13.5702500821169, 32.8647108256322 -13.570259919004, 32.8647164499925 -13.5702259384245))",5GRJCVH7+WV3H
9146385,-13.56995173,32.86043395,9.9702,0.6141,"POLYGON((32.8604489249343 -13.5699656710343, 32.8604462506729 -13.5699354701797, 32.8604189884471 -13.5699377804748, 32.8604216627051 -13.5699679813297, 32.8604489249343 -13.5699656710343))",5GRJCVJ6+257X
9148603,-13.56805509,32.86037417,27.4459,0.758,"POLYGON((32.860397982482 -13.5680791820142, 32.8604012000609 -13.5680345001871, 32.8603503469899 -13.5680309955347, 32.8603471294012 -13.568075677361, 32.860397982482 -13.5680791820142))",5GRJCVJ6+Q4HQ
9153356,-13.56966685,32.86549376,31.9425,0.7232,"POLYGON((32.8655271435902 -13.5696511481213, 32.8654730917212 -13.5696367640691, 32.8654603617579 -13.5696825444376, 32.8655144136366 -13.5696969284928, 32.8655271435902 -13.5696511481213))",5GRJCVJ8+45Q9
9157306,-13.57042062,32.86176965,51.3269,0.8206,"POLYGON((32.8618117284833 -13.5703988208793, 32.861736850864 -13.5703868569293, 32.8617275764243 -13.5704424070201, 32.8618024540605 -13.570454370973, 32.8618117284833 -13.5703988208793))",5GRJCVH6+RPJ4
9158245,-13.56917491,32.86144067,12.7474,0.696,"POLYGON((32.8614587081506 -13.5691893477222, 32.861456595882 -13.5691582543313, 32.8614226361236 -13.569160462183, 32.8614247483879 -13.5691915555742, 32.8614587081506 -13.5691893477222))",5GRJCVJ6+8HP2
9164547,-13.57016101,32.86491368,74.3685,0.7078,"POLYGON((32.8649586393339 -13.5701274861868, 32.8648862856146 -13.5701126308782, 32.8648687131404 -13.5701945401018, 32.8649410668835 -13.5702093954148, 32.8649586393339 -13.5701274861868))",5GRJCVH7+WXMC
9166257,-13.56881451,32.86491378,160.227,0.8335,"POLYGON((32.8648492 -13.5688661, 32.8649783 -13.5688662, 32.8649783 -13.5687629, 32.8648493 -13.5687628, 32.8648492 -13.5688661))",5GRJCVJ7+FXFC
9166319,-13.5660407,32.86010491,51.1244,0.7671,"POLYGON((32.8601276124481 -13.5660807172667, 32.8601428895142 -13.566013972417, 32.8600822045166 -13.5660006788951, 32.8600669274348 -13.5660674237407, 32.8601276124481 -13.5660807172667))",5GRJCVM6+H2Q7
9171080,-13.57204095,32.86499578,6.0098,0.6317,"POLYGON((32.8650083713835 -13.5720505604711, 32.865006042778 -13.5720289458226, 32.8649831635049 -13.5720313046913, 32.8649854921084 -13.5720529193404, 32.8650083713835 -13.5720505604711))",5GRJCVH7+5XQ9
9176436,-13.57014061,32.86109495,39.814,0.8088,"POLYGON((32.8611076242802 -13.5701795497134, 32.8611305183188 -13.5701191631996, 32.8610822961059 -13.5701016667152, 32.861059402057 -13.5701620532247, 32.8611076242802 -13.5701795497134))",5GRJCVH6+WCX6
9184543,-13.57036716,32.86225499,17.9225,0.7446,"POLYGON((32.8622734905087 -13.5703878340737, 32.8622801658405 -13.5703549741089, 32.8622365106578 -13.570346486956, 32.8622298353202 -13.5703793469197, 32.8622734905087 -13.5703878340737))",5GRJCVH6+VW26
9197819,-13.57021429,32.8614277,26.6999,0.7486,"POLYGON((32.8614506575564 -13.5702385617045, 32.861449825479 -13.5701892989427, 32.8614047440131 -13.5701900276639, 32.8614055760812 -13.5702392904258, 32.8614506575564 -13.5702385617045))",5GRJCVH6+WH7G
9207671,-13.56890584,32.86125038,27.4475,0.7528,"POLYGON((32.8612719363361 -13.5689341628189, 32.8612667221989 -13.5688743637612, 32.8612288096922 -13.5688775274656, 32.86123402382 -13.5689373265241, 32.8612719363361 -13.5689341628189))",5GRJCVJ6+CGJJ
9209288,-13.57040189,32.86459562,17.1353,0.736,"POLYGON((32.8646132042315 -13.5704219987692, 32.8646177872222 -13.570386718442, 32.8645780198847 -13.5703817746146, 32.8645734368882 -13.5704170549413, 32.8646132042315 -13.5704219987692))",5GRJCVH7+RRQR
9215202,-13.56939882,32.86336748,17.5504,0.6375,"POLYGON((32.8633925687466 -13.5693861983356, 32.8633466898271 -13.5693801803415, 32.863342404594 -13.5694114454127, 32.8633882835193 -13.5694174634077, 32.8633925687466 -13.5693861983356))",5GRJCVJ7+68X5
9223056,-13.5709809,32.86480068,21.5577,0.7759,"POLYGON((32.8648211548866 -13.5710027883315, 32.864824815563 -13.570962919488, 32.8647801877986 -13.5709589979967, 32.8647765271148 -13.5709988668395, 32.8648211548866 -13.5710027883315))",5GRJCVH7+JW3P
9230340,-13.57150005,32.86595302,9.2586,0.6168,"POLYGON((32.86596546615 -13.5715151685894, 32.8659678518281 -13.5714871430363, 32.8659405545406 -13.5714849192475, 32.8659381688593 -13.5715129448001, 32.86596546615 -13.5715151685894))",5GRJCVH8+99WV
9233636,-13.56572762,32.86003097,38.7439,0.7383,"POLYGON((32.8600537240861 -13.565760834937, 32.8600607696195 -13.5657002620164, 32.8600082339585 -13.5656944137464, 32.8600011884119 -13.5657549866654, 32.8600537240861 -13.565760834937))",5GRJCVM6+P22X
9237004,-13.56654096,32.86127241,55.5161,0.823,"POLYGON((32.8613080704978 -13.5665735534067, 32.8613100658305 -13.5665106082022, 32.8612367567596 -13.5665083841404, 32.8612347614079 -13.5665713293441, 32.8613080704978 -13.5665735534067))",5GRJCVM6+9GJ8
9240937,-13.57131355,32.86592187,42.0631,0.8099,"POLYGON((32.8659650292987 -13.571302272677, 32.8659218566713 -13.571271869247, 32.8658795419496 -13.5713293727166, 32.8659151848122 -13.5713544734697, 32.8659325264566 -13.5713309070913, 32.8659400562261 -13.571336209775, 32.8659650292987 -13.571302272677))",5GRJCVH8+F9FF
9254178,-13.57092191,32.865901,9.4543,0.6421,"POLYGON((32.8659151983821 -13.5709360884691, 32.8659120925984 -13.5709052814505, 32.865886805243 -13.570907721187, 32.8658899110234 -13.5709385282059, 32.8659151983821 -13.5709360884691))",5GRJCVH8+J9J5
9255989,-13.57097181,32.86424221,74.7694,0.7839,"POLYGON((32.8643458735307 -13.5709687639325, 32.8641422671386 -13.570944720722, 32.8641385512615 -13.570974835303, 32.8643421576788 -13.5709988785163, 32.8643458735307 -13.5709687639325))",5GRJCVH7+JM95
9263601,-13.57006959,32.86602285,21.8921,0.7751,"POLYGON((32.8660490549547 -13.5700542300578, 32.8660055953637 -13.5700449339745, 32.8659966553637 -13.5700849325318, 32.8660401149615 -13.5700942286167, 32.8660490549547 -13.5700542300578))",5GRJCVH8+XCC8
9269970,-13.57111464,32.86492431,21.5583,0.7157,"POLYGON((32.8649552533919 -13.5711068278827, 32.8649034825043 -13.5710909241604, 32.864893359498 -13.5711224606735, 32.8649451303915 -13.571138364398, 32.8649552533919 -13.5711068278827))",5GRJCVH7+HX3G
9273477,-13.5699336,32.86069894,54.9749,0.8022,"POLYGON((32.8607385648346 -13.569960922922, 32.8607308663205 -13.5698979056089, 32.8606593062959 -13.5699062720131, 32.860667004791 -13.5699692893267, 32.8607385648346 -13.569960922922))",5GRJCVJ6+27GM
9275268,-13.57173804,32.8648979,32.4433,0.7491,"POLYGON((32.8649317225172 -13.5717224167173, 32.8648765598539 -13.571707998613, 32.8648640857513 -13.5717536718054, 32.8649192484244 -13.5717680899124, 32.8649317225172 -13.5717224167173))",5GRJCVH7+8X2G
9282149,-13.57045337,32.86590479,33.1307,0.8205,"POLYGON((32.8659180724422 -13.5704884620333, 32.8659357441096 -13.5704313815711, 32.8658915102635 -13.5704182757326, 32.8658738385866 -13.5704753561915, 32.8659180724422 -13.5704884620333))",5GRJCVH8+R96X
9282271,-13.5683403,32.86110965,11.833,0.6657,"POLYGON((32.8611277846105 -13.5683538762558, 32.8611278003781 -13.5683267493944, 32.8610915079418 -13.568326729203, 32.8610914921701 -13.5683538560643, 32.8611277846105 -13.5683538762558))",5GRJCVJ6+MC98
9282783,-13.57050034,32.86333043,34.1707,0.7935,"POLYGON((32.8633593396202 -13.5705246597768, 32.8633545628433 -13.5704714602564, 32.8633015313508 -13.5704760172701, 32.863306308116 -13.5705292167912, 32.8633593396202 -13.5705246597768))",5GRJCVH7+Q8WW
9289899,-13.57123572,32.8647809,48.8338,0.7707,"POLYGON((32.8648232260231 -13.571219038834, 32.8647608033067 -13.5711956416806, 32.8647385742713 -13.5712523983826, 32.8648009970002 -13.5712757955415, 32.8648232260231 -13.571219038834))",5GRJCVH7+GW2H
9295784,-13.57174196,32.86512966,34.2747,0.8318,"POLYGON((32.8651655591729 -13.5717290777254, 32.8651195519471 -13.5717058799844, 32.8650937493581 -13.5717548532113, 32.8651397565908 -13.5717780509567, 32.8651655591729 -13.5717290777254))",5GRJCVH8+8326
9296352,-13.56778698,32.86478614,15.4708,0.6543,"POLYGON((32.864808535864 -13.5677998431696, 32.8648039671938 -13.5677684717063, 32.8647637536241 -13.5677740764687, 32.8647683222891 -13.5678054479326, 32.864808535864 -13.5677998431696))",5GRJCVJ7+VWMC
9299696,-13.57115319,32.86613849,20.762,0.7656,"POLYGON((32.8661641830745 -13.5711377626419, 32.8661170135907 -13.5711324751694, 32.8661127796887 -13.5711686220461, 32.8661599491795 -13.5711739095195, 32.8661641830745 -13.5711377626419))",5GRJCVH8+GFJV
9301032,-13.57143366,32.86463113,23.8789,0.7545,"POLYGON((32.8646469825413 -13.5714617731149, 32.8646529343988 -13.5714096681309, 32.8646152749695 -13.5714055512946, 32.8646093231039 -13.5714576562777, 32.8646469825413 -13.5714617731149))",5GRJCVH7+CVCJ
9305593,-13.57053791,32.86497889,71.6987,0.8072,"POLYGON((32.8650243594055 -13.5705071616525, 32.8649504614654 -13.5704915413124, 32.864933427075 -13.5705686649962, 32.8650073250381 -13.5705842853413, 32.8650243594055 -13.5705071616525))",5GRJCVH7+QXQF
9306327,-13.57021427,32.86581502,20.5269,0.7118,"POLYGON((32.8658385903647 -13.5702333356185, 32.8658417060675 -13.5701996357479, 32.8657914391491 -13.57019518809, 32.8657883234392 -13.5702288879598, 32.8658385903647 -13.5702333356185))",5GRJCVH8+W88C
9315741,-13.57122425,32.86585354,14.1713,0.6735,"POLYGON((32.8658776143898 -13.5712289580481, 32.8658591635464 -13.5712008643351, 32.8658294572207 -13.5712195355706, 32.8658479080619 -13.5712476292855, 32.8658776143898 -13.5712289580481))",5GRJCVH8+G893
9327332,-13.57120821,32.86513165,25.5806,0.656,"POLYGON((32.8651677080701 -13.5712030906769, 32.8651067166905 -13.571182219548, 32.8650955994151 -13.5712133107739, 32.8651565908015 -13.5712341819063, 32.8651677080701 -13.5712030906769))",5GRJCVH8+G36J
9330180,-13.56577917,32.86062976,14.4075,0.6589,"POLYGON((32.860654723768 -13.5657724787432, 32.8606133882098 -13.5657595609461, 32.8606047958709 -13.5657858747647, 32.8606461314334 -13.5657987925636, 32.860654723768 -13.5657724787432))",5GRJCVM6+M7JR
9331932,-13.57091003,32.86478335,43.5438,0.7254,"POLYGON((32.8648202537433 -13.5708879075296, 32.8647553889619 -13.5708777100871, 32.864746444906 -13.5709321566025, 32.8648113097016 -13.5709423540473, 32.8648202537433 -13.5708879075296))",5GRJCVH7+JWMC
9332518,-13.56682467,32.86191082,17.1285,0.6698,"POLYGON((32.861927781269 -13.5668475107772, 32.8619230480721 -13.5667991012888, 32.8618938770139 -13.566801830954, 32.861898610205 -13.5668502404429, 32.861927781269 -13.5668475107772))",5GRJCVM6+7QF2
9335733,-13.57194044,32.8672286,16.5669,0.6041,"POLYGON((32.867253569644 -13.5719496059974, 32.8672412840693 -13.5719174998401, 32.867203628636 -13.5719312893597, 32.8672159142064 -13.5719633955188, 32.867253569644 -13.5719496059974))",5GRJCVH8+6VH7
9346248,-13.57053088,32.86232815,38.1572,0.826,"POLYGON((32.8623617553748 -13.5705537578538, 32.8623592015943 -13.570504780084, 32.8622945506895 -13.5705080061833, 32.8622971044568 -13.5705569839534, 32.8623617553748 -13.5705537578538))",5GRJCVH6+QWPP
9349925,-13.57013692,32.8646982,30.6974,0.6452,"POLYGON((32.8647147215634 -13.5701709144707, 32.8647210614532 -13.5701066432055, 32.8646816898016 -13.5701029263988, 32.8646753499013 -13.5701671976631, 32.8647147215634 -13.5701709144707))",5GRJCVH7+WVWF
9351010,-13.5708448,32.86544961,33.7429,0.7329,"POLYGON((32.865488030472 -13.5708323792966, 32.865414407687 -13.5708189954255, 32.8654173157383 -13.5708663804572, 32.8654898556872 -13.5708621199855, 32.865488030472 -13.5708323792966))",5GRJCVH8+M587
9352655,-13.56565787,32.86141721,25.3396,0.6749,"POLYGON((32.8614375570914 -13.5656858051891, 32.8614324103841 -13.5656269467005, 32.861396852132 -13.565629922462, 32.8614019988307 -13.5656887809512, 32.8614375570914 -13.5656858051891))",5GRJCVM6+PHMM
9353346,-13.57031164,32.86536879,27.8142,0.7494,"POLYGON((32.8654031031614 -13.5702996796836, 32.8653423099994 -13.5702871645821, 32.8653344688758 -13.570323616372, 32.8653952620467 -13.5703361314754, 32.8654031031614 -13.5702996796836))",5GRJCVH8+V4HH
9356719,-13.57003373,32.86157929,31.7047,0.7347,"POLYGON((32.8616057946061 -13.5700586132964, 32.8616058234176 -13.5700088807228, 32.8615527829988 -13.57000885131, 32.8615527541762 -13.5700585838835, 32.8616057946061 -13.5700586132964))",5GRJCVH6+XJPP
9359763,-13.57136851,32.86471713,29.4019,0.6197,"POLYGON((32.8647401195338 -13.5713418950772, 32.8646941812786 -13.5713418701782, 32.8646941511126 -13.5713951212825, 32.8647400893794 -13.5713951461822, 32.8647401195338 -13.5713418950772))",5GRJCVH7+FV49
9366471,-13.56719545,32.86128704,29.9831,0.7968,"POLYGON((32.8613134087398 -13.5671718081363, 32.8612652276134 -13.5671677055994, 32.8612606558264 -13.5672190912639, 32.861308836963 -13.5672231938017, 32.8613134087398 -13.5671718081363))",5GRJCVM6+4GF2
9372106,-13.56878231,32.86275211,10.0836,0.7056,"POLYGON((32.8627607139221 -13.5688029795163, 32.8627646261002 -13.5687636431453, 32.862743498499 -13.5687616321973, 32.8627395863175 -13.5688009685681, 32.8627607139221 -13.5688029795163))",5GRJCVJ7+F4JJ
9381856,-13.56962686,32.86475187,73.2746,0.6949,"POLYGON((32.8647957724462 -13.5695926622719, 32.8647236481692 -13.5695794082679, 32.8647079706102 -13.5696610543741, 32.8647800949109 -13.5696743083828, 32.8647957724462 -13.5695926622719))",5GRJCVJ7+4WRR
9382928,-13.57123866,32.86448332,11.2187,0.6754,"POLYGON((32.8645004100698 -13.5712520110279, 32.8644982438217 -13.5712230175902, 32.864466221211 -13.5712253073074, 32.8644683874553 -13.5712543007454, 32.8645004100698 -13.5712520110279))",5GRJCVH7+GQ5F
9384797,-13.567814,32.86147636,40.4862,0.6919,"POLYGON((32.8615058347082 -13.5678425908497, 32.8615046839512 -13.5677843389655, 32.8614468802032 -13.5677854318058, 32.8614480309461 -13.5678436836902, 32.8615058347082 -13.5678425908497))",5GRJCVJ6+VHHC
9385877,-13.57167342,32.86593126,62.3227,0.7839,"POLYGON((32.8659832198634 -13.5716816150355, 32.8659135076494 -13.5716193693812, 32.8658875557664 -13.5716471847024, 32.865902416318 -13.5716604536131, 32.8658872832882 -13.5716766732456, 32.8659421349522 -13.5717256499998, 32.8659832198634 -13.5716816150355))",5GRJCVH8+89M5
9386795,-13.57003414,32.86466365,24.377,0.6485,"POLYGON((32.8646929287529 -13.5700512696341, 32.8646925386875 -13.5700163979388, 32.8646343845493 -13.5700170204709, 32.8646347746064 -13.5700518921665, 32.8646929287529 -13.5700512696341))",5GRJCVH7+XVMJ
9393387,-13.57040277,32.86296266,10.4277,0.7133,"POLYGON((32.8629806443134 -13.5704142247406, 32.8629788320611 -13.5703889526882, 32.8629446700379 -13.5703912971406, 32.8629464822866 -13.5704165691934, 32.8629806443134 -13.5704142247406))",5GRJCVH7+R5PX
9393838,-13.57021595,32.86513701,12.2068,0.6595,"POLYGON((32.8651526703354 -13.5702326415262, 32.8651496295838 -13.5701969621721, 32.8651213611933 -13.5701992677807, 32.8651244019406 -13.5702349471346, 32.8651526703354 -13.5702326415262))",5GRJCVH8+W367
9404387,-13.57145542,32.86628331,35.3222,0.7373,"POLYGON((32.8663237027772 -13.5714565597872, 32.8662685195665 -13.5714186248926, 32.866242910527 -13.5714542763693, 32.8662980937412 -13.5714922112694, 32.8663237027772 -13.5714565597872))",5GRJCVH8+CG7J
9404583,-13.56948472,32.86397191,9.6029,0.6195,"POLYGON((32.8639871518217 -13.5694711638741, 32.863954436418 -13.5694740381433, 32.8639566604209 -13.5694982642744, 32.8639893758277 -13.569495390005, 32.8639871518217 -13.5694711638741))",5GRJCVJ7+6H5J
9414422,-13.57079295,32.86467269,25.9613,0.7041,"POLYGON((32.8646932439737 -13.5708194801963, 32.8646923160861 -13.570765750565, 32.8646521263639 -13.5707664147869, 32.8646530542424 -13.5708201444182, 32.8646932439737 -13.5708194801963))",5GRJCVH7+MVM8
9423139,-13.56967342,32.86563575,55.8272,0.8331,"POLYGON((32.8656722932835 -13.5696398891685, 32.865615237408 -13.5696286965163, 32.8655991954032 -13.5697069580924, 32.8656562512962 -13.5697181507483, 32.8656722932835 -13.5696398891685))",5GRJCVJ8+47J3
9426675,-13.5700412,32.86240596,37.8016,0.782,"POLYGON((32.8624376995828 -13.5700653076205, 32.8624275402448 -13.5700080408211, 32.862374225818 -13.5700170924854, 32.8623843851436 -13.5700743592868, 32.8624376995828 -13.5700653076205))",5GRJCVH6+XXJ9
9428016,-13.56974875,32.86586271,21.5253,0.7808,"POLYGON((32.8658871544796 -13.5697670758593, 32.8658871750416 -13.5697304491147, 32.8658382788528 -13.5697304228397, 32.865838258283 -13.5697670495841, 32.8658871544796 -13.5697670758593))",5GRJCVJ8+4854
9428588,-13.56578212,32.86075321,67.8307,0.8393,"POLYGON((32.860794455653 -13.5657484506585, 32.8607175595067 -13.5657428045593, 32.8607119605514 -13.5658157838089, 32.8607888567209 -13.5658214299102, 32.860794455653 -13.5657484506585))",5GRJCVM6+M8JJ
9430581,-13.57136726,32.86423384,31.3678,0.6705,"POLYGON((32.8642448835027 -13.5714049182808, 32.8642597429567 -13.5713373870288, 32.8642228081971 -13.5713296093496, 32.8642079487332 -13.5713971405992, 32.8642448835027 -13.5714049182808))",5GRJCVH7+FM57
9435474,-13.57195302,32.86561034,32.5841,0.8081,"POLYGON((32.8656477044611 -13.5719519702058, 32.8656140782843 -13.5719166394085, 32.8655729762913 -13.5719540764272, 32.8656066024674 -13.5719894072298, 32.8656477044611 -13.5719519702058))",5GRJCVH8+669W
9441237,-13.57043163,32.86545702,48.3158,0.7786,"POLYGON((32.8654997905191 -13.5704159135016, 32.865433676698 -13.5703932162506, 32.8654142568797 -13.5704473519808, 32.865480370714 -13.5704700492373, 32.8654997905191 -13.5704159135016))",5GRJCVH8+R5GP
9443588,-13.56951943,32.86405355,13.0901,0.6092,"POLYGON((32.8640710192434 -13.5695350047932, 32.8640710369603 -13.5695038670952, 32.8640360601593 -13.5695038480466, 32.8640360424377 -13.5695349857446, 32.8640710192434 -13.5695350047932))",5GRJCVJ7+5JV8
9446060,-13.56983999,32.86120034,31.4331,0.7991,"POLYGON((32.8612305536763 -13.5698601576413, 32.8612220161383 -13.5698111737977, 32.8611701345138 -13.5698198277661, 32.8611786720413 -13.5698688116113, 32.8612305536763 -13.5698601576413))",5GRJCVJ6+3F8F
9448689,-13.56642011,32.86072771,45.3257,0.8435,"POLYGON((32.8607611213122 -13.5663919982396, 32.8607033204598 -13.5663841922072, 32.8606942862221 -13.566448214309, 32.8607520870895 -13.5664560203435, 32.8607611213122 -13.5663919982396))",5GRJCVM6+C7Q3
9450028,-13.56983037,32.86518527,20.2338,0.7508,"POLYGON((32.8652014673757 -13.5698543733722, 32.8652081365412 -13.5698122959385, 32.8651690672286 -13.5698063696815, 32.8651623980565 -13.5698484471142, 32.8652014673757 -13.5698543733722))",5GRJCVJ8+337Q
9452078,-13.56919728,32.86247603,59.9183,0.7716,"POLYGON((32.8625205984897 -13.5691721334846, 32.8624391804356 -13.5691621459615, 32.8624314536417 -13.5692224277693, 32.8625128717159 -13.569232415295, 32.8625205984897 -13.5691721334846))",5GRJCVJ6+8XH2
9462432,-13.57082294,32.86502232,12.7081,0.6059,"POLYGON((32.865036711491 -13.5708416127784, 32.8650356917148 -13.5708035669717, 32.8650079199588 -13.5708042793638, 32.8650089397306 -13.5708423251706, 32.865036711491 -13.5708416127784))",5GRJCVH8+M2C4
9471475,-13.5654982,32.86444784,25.0523,0.7245,"POLYGON((32.8644804520781 -13.565501945102, 32.8644567020566 -13.565467258205, 32.864415223133 -13.5654944391322, 32.8644389731511 -13.565529126033, 32.8644804520781 -13.565501945102))",5GRJCVM7+RQ43
9474327,-13.56694971,32.8619046,31.6013,0.7644,"POLYGON((32.861932760051 -13.5669728199316, 32.8619310506773 -13.5669247399221, 32.861876432781 -13.5669265983212, 32.8618781421437 -13.5669746783311, 32.861932760051 -13.5669728199316))",5GRJCVM6+6QC5
9487556,-13.5713892,32.86483513,26.2782,0.7939,"POLYGON((32.8648689333337 -13.5713806060571, 32.8648135249596 -13.5713623485561, 32.8648013231125 -13.571397787108, 32.8648567314941 -13.5714160446117, 32.8648689333337 -13.5713806060571))",5GRJCVH7+CWWG
9490668,-13.56995441,32.86321469,48.9865,0.8353,"POLYGON((32.8632481659209 -13.5699848132118, 32.8632438890184 -13.5699200556889, 32.8631812129982 -13.5699240172055, 32.8631854898839 -13.5699887747294, 32.8632481659209 -13.5699848132118))",5GRJCVJ7+278X
9493243,-13.56820001,32.86124802,27.1707,0.8043,"POLYGON((32.8612728546804 -13.568222827009, 32.8612686980061 -13.5681735046934, 32.8612231744093 -13.568177176391, 32.8612273310742 -13.5682264987073, 32.8612728546804 -13.568222827009))",5GRJCVJ6+PF9X
9500212,-13.56940618,32.86527933,10.7296,0.662,"POLYGON((32.8652963820777 -13.5694204170571, 32.8652997599313 -13.5693970942139, 32.8652622840619 -13.5693918998174, 32.8652588977621 -13.5694152809538, 32.8652963820777 -13.5694204170571))",5GRJCVJ8+64JQ
9515674,-13.56996277,32.86585932,15.9344,0.6265,"POLYGON((32.8658731665434 -13.5699866821318, 32.8658731933871 -13.5699388718788, 32.8658454641031 -13.5699388569775, 32.8658454372539 -13.5699866672304, 32.8658731665434 -13.5699866821318))",5GRJCVJ8+289F
9518734,-13.57069065,32.86483097,18.2817,0.6306,"POLYGON((32.8648548808872 -13.5707076350587, 32.8648572941668 -13.5706775352896, 32.8648070696446 -13.5706736815718, 32.8648046563587 -13.5707037813402, 32.8648548808872 -13.5707076350587))",5GRJCVH7+PWG8
9522636,-13.57056869,32.86457394,17.1653,0.7278,"POLYGON((32.8645915320605 -13.5705888331924, 32.8645961230992 -13.5705534909621, 32.8645563557346 -13.5705485471307, 32.8645517646899 -13.5705838893608, 32.8645915320605 -13.5705888331924))",5GRJCVH7+QRG7
9525825,-13.5687098,32.86126467,51.3589,0.8388,"POLYGON((32.8612976420233 -13.5687424670463, 32.8612935201261 -13.5686735801778, 32.8612317019057 -13.5686771201731, 32.8612358237853 -13.5687460070426, 32.8612976420233 -13.5687424670463))",5GRJCVJ6+GG6M
9529077,-13.57014817,32.86605461,44.9135,0.7769,"POLYGON((32.8660805640425 -13.5701829359761, 32.866085371307 -13.5701173806524, 32.8660286605916 -13.5701134007085, 32.8660238533116 -13.570178956031, 32.8660805640425 -13.5701829359761))",5GRJCVH8+WCV4
9529858,-13.5681253,32.86164255,72.1615,0.7997,"POLYGON((32.8616676 -13.5681793, 32.8616749 -13.5680752, 32.8616175 -13.5680713, 32.8616102 -13.5681754, 32.8616676 -13.5681793))",5GRJCVJ6+PMRW
9531254,-13.56770424,32.86160678,67.4217,0.814,"POLYGON((32.8616481074869 -13.5677375427851, 32.861641119738 -13.5676640558049, 32.8615654420047 -13.5676709427138, 32.8615724297306 -13.567744429697, 32.8616481074869 -13.5677375427851))",5GRJCVJ6+WJ9V
9532067,-13.56994819,32.86445459,28.6703,0.7038,"POLYGON((32.8644898316815 -13.5699399575333, 32.8644337190181 -13.5699192151746, 32.864419350614 -13.5699564143193, 32.8644754632848 -13.5699771566812, 32.8644898316815 -13.5699399575333))",5GRJCVJ7+2QG4
9532864,-13.56863293,32.86168605,35.0397,0.8121,"POLYGON((32.8617088417093 -13.5686636588466, 32.861713842311 -13.5686064308409, 32.8616632700696 -13.5686022016908, 32.8616582694559 -13.5686594296958, 32.8617088417093 -13.5686636588466))",5GRJCVJ6+GMVQ
9548659,-13.57120132,32.86560906,11.757,0.6519,"POLYGON((32.8656275486005 -13.5711880908742, 32.8655905760289 -13.571188070967, 32.8655905611415 -13.5712145281025, 32.8656275337172 -13.5712145480101, 32.8656275486005 -13.5711880908742))",5GRJCVH8+G69V
9551873,-13.57176859,32.86465753,39.522,0.738,"POLYGON((32.8646864955987 -13.5717974051796, 32.8646915832828 -13.5717456957925, 32.8646285757006 -13.5717397629993, 32.864623488003 -13.571791472385, 32.8646864955987 -13.5717974051796))",5GRJCVH7+7VV6
9551908,-13.57017732,32.86244762,21.477,0.7909,"POLYGON((32.8624686158073 -13.5701989196316, 32.8624655643142 -13.5701532345212, 32.8624266172494 -13.5701557241402, 32.8624296687351 -13.5702014092511, 32.8624686158073 -13.5701989196316))",5GRJCVH6+WXGV
9559375,-13.56996931,32.86441699,36.5898,0.7153,"POLYGON((32.8644608815857 -13.5699672931634, 32.8643893549738 -13.569935899551, 32.8643731061908 -13.5699713293579, 32.8644446328116 -13.5700027229751, 32.8644608815857 -13.5699672931634))",5GRJCVJ7+2Q77
9563801,-13.57022586,32.8623302,19.8046,0.7454,"POLYGON((32.8623602261735 -13.5702387913278, 32.862359239178 -13.5702109283455, 32.8623001724485 -13.5702129307408, 32.8623011594372 -13.5702407937232, 32.8623602261735 -13.5702387913278))",5GRJCVH6+WW4W
9566854,-13.56562053,32.86113246,12.7762,0.6344,"POLYGON((32.861153399437 -13.565632281051, 32.8611512612359 -13.5656057051646, 32.8611115101211 -13.5656087660531, 32.8611136483179 -13.5656353419397, 32.861153399437 -13.565632281051))",5GRJCVM6+QF22
9572888,-13.56976119,32.86337282,29.906,0.834,"POLYGON((32.8634003294957 -13.5697838119572, 32.8634003553479 -13.5697386005223, 32.8633453209324 -13.5697385703997, 32.8633452950698 -13.5697837818345, 32.8634003294957 -13.5697838119572))",5GRJCVJ7+38XH
9573487,-13.56915814,32.86169578,30.6095,0.8238,"POLYGON((32.8617194910093 -13.5691851768733, 32.8617182982903 -13.5691301308174, 32.8616720540244 -13.5691310897602, 32.8616732467328 -13.5691861358161, 32.8617194910093 -13.5691851768733))",5GRJCVJ6+8MPM
9573996,-13.57016295,32.86485479,26.5493,0.6791,"POLYGON((32.8648631659554 -13.570207421761, 32.8648717041625 -13.5701208642888, 32.8648464200507 -13.5701184774061, 32.8648378818344 -13.5702050348774, 32.8648631659554 -13.570207421761))",5GRJCVH7+WWQF
9586601,-13.56830799,32.8639128,13.023,0.6595,"POLYGON((32.8639251094568 -13.5683284557099, 32.8639281906527 -13.5682896015781, 32.8639004709597 -13.5682874978057, 32.8638973897593 -13.5683263519371, 32.8639251094568 -13.5683284557099))",5GRJCVJ7+MHFJ
9592970,-13.56916891,32.8627377,43.2818,0.7847,"POLYGON((32.8627699176674 -13.5691967737591, 32.8627628172014 -13.5691347620459, 32.8627054663644 -13.5691410466386, 32.8627125668148 -13.5692030583529, 32.8627699176674 -13.5691967737591))",5GRJCVJ7+83Q8
9597682,-13.56849179,32.8643144,241.7342,0.8562,"POLYGON((32.8643634665618 -13.5685948860058, 32.8643626958857 -13.568388336739, 32.8642653246501 -13.5683886844216, 32.8642660952421 -13.5685952336879, 32.8643634665618 -13.5685948860058))",5GRJCVJ7+JP46
9606265,-13.56815345,32.86173695,53.5716,0.8212,"POLYGON((32.8617663659295 -13.5681902566784, 32.8617730685603 -13.5681228813715, 32.8617075354093 -13.5681166420891, 32.8617008327601 -13.5681840173938, 32.8617663659295 -13.5681902566784))",5GRJCVJ6+PMQW
9606788,-13.56940745,32.8623404,33.9739,0.8168,"POLYGON((32.8623720923061 -13.5694285992845, 32.8623676849775 -13.5693810617682, 32.8623087090355 -13.5693862946035, 32.8623131163525 -13.5694338321206, 32.8623720923061 -13.5694285992845))",5GRJCVJ6+6WPQ
9621657,-13.56963604,32.86540535,28.1273,0.792,"POLYGON((32.8654373924239 -13.5696217923497, 32.8653829911579 -13.5696094597378, 32.8653733206288 -13.5696502848081, 32.8654277219035 -13.569662617422, 32.8654373924239 -13.5696217923497))",5GRJCVJ8+45RH
9642859,-13.57152119,32.86541504,10.2344,0.6609,"POLYGON((32.8654297549495 -13.5715358003489, 32.8654277185403 -13.5715048481631, 32.8654003216148 -13.5715065731709, 32.8654023580206 -13.571537525357, 32.8654297549495 -13.5715358003489))",5GRJCVH8+95V3
9661550,-13.5708281,32.8634028,51.1819,0.8034,"POLYGON((32.8634456809644 -13.5708468748024, 32.8634288731768 -13.5707898649922, 32.8633599142504 -13.5708093217192, 32.8633767220229 -13.5708663315339, 32.8634456809644 -13.5708468748024))",5GRJCVH7+M96X
9664492,-13.57030424,32.86080297,32.8499,0.731,"POLYGON((32.8608263021912 -13.5703337022355, 32.8608256201715 -13.5702742711817, 32.8607796377901 -13.5702747761825, 32.8607803197984 -13.570334207236, 32.8608263021912 -13.5703337022355))",5GRJCVH6+V8FW
9665268,-13.57097905,32.86196697,51.6795,0.788,"POLYGON((32.8620102657608 -13.5709586152177, 32.861933691526 -13.5709451094127, 32.8619236687042 -13.5709994932438, 32.8620002429559 -13.5710129990523, 32.8620102657608 -13.5709586152177))",5GRJCVH6+JQ4X
9665817,-13.56815326,32.8643143,129.0658,0.7985,"POLYGON((32.8643573622097 -13.5680941696818, 32.8642645428158 -13.5680952460536, 32.8642657756196 -13.5681969893832, 32.8643096339571 -13.5681964807884, 32.8643099539431 -13.5682228887726, 32.8643589150424 -13.5682223209957, 32.8643573622097 -13.5680941696818))",5GRJCVJ7+PPPR
9667711,-13.57090626,32.86551585,32.2903,0.7778,"POLYGON((32.8655455249627 -13.5708836194596, 32.8655007422864 -13.5708725290705, 32.8654861530917 -13.5709289074627, 32.8655309357779 -13.5709399978543, 32.8655455249627 -13.5708836194596))",5GRJCVH8+J6JP
9672649,-13.57080027,32.861707,32.3989,0.7535,"POLYGON((32.8617404893469 -13.5707821481107, 32.8616782307701 -13.5707755877896, 32.8616735182229 -13.5708183882027, 32.8617357768106 -13.5708249485246, 32.8617404893469 -13.5707821481107))",5GRJCVH6+MMGW
9679224,-13.57174288,32.86551377,16.6763,0.6842,"POLYGON((32.8655422940528 -13.5717377999101, 32.8654940313312 -13.5717220889283, 32.8654852272624 -13.571747971471, 32.8655334899886 -13.5717636824547, 32.8655422940528 -13.5717377999101))",5GRJCVH8+8627
9685819,-13.57034158,32.86470904,98.3698,0.8056,"POLYGON((32.8647814299945 -13.5703322511572, 32.8646566759448 -13.5702918057819, 32.8646366509812 -13.5703509180381, 32.8647614050586 -13.5703913634236, 32.8647814299945 -13.5703322511572))",5GRJCVH7+VV88
9707044,-13.57027882,32.8649402,24.9993,0.6415,"POLYGON((32.8649672046569 -13.5703005300415, 32.8649728289818 -13.5702665494561, 32.8649131828261 -13.5702571013902, 32.8649075584929 -13.5702910819742, 32.8649672046569 -13.5703005300415))",5GRJCVH7+VXPR
9712827,-13.56990457,32.86473255,55.3913,0.7364,"POLYGON((32.8647781119435 -13.5698850564034, 32.8646996200719 -13.5698681012137, 32.8646869836719 -13.5699240856164, 32.8647654755608 -13.5699410408103, 32.8647781119435 -13.5698850564034))",5GRJCVJ7+2VQV
9719848,-13.56926144,32.86478235,54.5962,0.8439,"POLYGON((32.86479092271 -13.5693256161872, 32.8648098805601 -13.5692025975094, 32.8647737766224 -13.5691972727847, 32.8647548187543 -13.5693202914596, 32.86479092271 -13.5693256161872))",5GRJCVJ7+7WVC
9725055,-13.56988075,32.86635808,23.5769,0.7145,"POLYGON((32.8663718659424 -13.5699094532685, 32.8663819313264 -13.5698592507029, 32.8663443050807 -13.5698520310296, 32.8663342396892 -13.5699022335937, 32.8663718659424 -13.5699094532685))",5GRJCVJ8+2GXM
9729225,-13.5706308,32.86520646,35.8109,0.7035,"POLYGON((32.8651694231774 -13.5706009520018, 32.8651585112069 -13.5706323801304, 32.8652435082949 -13.5706606229314, 32.8652544202551 -13.5706291947989, 32.8651694231774 -13.5706009520018))",5GRJCVH8+P3WP
9730444,-13.57102916,32.86499556,18.2267,0.7972,"POLYGON((32.8650217826471 -13.5710193219451, 32.8649807454442 -13.5710058148191, 32.8649693284601 -13.5710390106764, 32.8650103656679 -13.5710525178043, 32.8650217826471 -13.5710193219451))",5GRJCVH7+HXQX
9731522,-13.5683533,32.86448346,166.1007,0.8674,"POLYGON((32.8645651907816 -13.5683921513975, 32.8645597602825 -13.5683050278528, 32.8644017279141 -13.5683144549002, 32.8644071583558 -13.5684015784479, 32.8645651907816 -13.5683921513975))",5GRJCVJ7+MQ5V
9742043,-13.56653897,32.86166449,67.202,0.8079,"POLYGON((32.8617083075301 -13.566569049234, 32.861691975548 -13.566494031847, 32.8616206783857 -13.5665088872129, 32.8616370103459 -13.5665839046044, 32.8617083075301 -13.566569049234))",5GRJCVM6+9MMF
9763054,-13.56994768,32.8654422,144.4109,0.7873,"POLYGON((32.8655296259859 -13.5699419972497, 32.8653850860885 -13.5698826746052, 32.8653547725891 -13.5699533592065, 32.8654993125208 -13.5700126818697, 32.8655296259859 -13.5699419972497))",5GRJCVJ8+25G2
9763452,-13.56727053,32.86160208,42.7261,0.8079,"POLYGON((32.8616291190749 -13.5673028230773, 32.8616333530056 -13.567242142158, 32.8615750431633 -13.5672382484271, 32.8615708092181 -13.5672989293453, 32.8616291190749 -13.5673028230773))",5GRJCVM6+3JX3
9765625,-13.57151544,32.86640694,33.737,0.8231,"POLYGON((32.8664446370917 -13.571509843924, 32.8663951853993 -13.5714799430253, 32.8663692361801 -13.5715210142008, 32.8664186878776 -13.5715509151046, 32.8664446370917 -13.571509843924))",5GRJCVH8+9HV6
9765961,-13.57117469,32.86292176,34.2512,0.8055,"POLYGON((32.8629565893595 -13.5711900064013, 32.8629391295905 -13.5711414159466, 32.8628869315833 -13.5711593657039, 32.8629043913429 -13.5712079561619, 32.8629565893595 -13.5711900064013))",5GRJCVH7+G5M3
9770359,-13.57036538,32.86460036,18.3255,0.7032,"POLYGON((32.8646177872222 -13.570386718442, 32.8646226885548 -13.5703489874736, 32.8645829212235 -13.5703440436471, 32.8645780198847 -13.5703817746146, 32.8646177872222 -13.570386718442))",5GRJCVH7+VR56
9778134,-13.57051711,32.8637574,35.7906,0.7684,"POLYGON((32.8637862303032 -13.5705429568799, 32.8637809990806 -13.5704866028397, 32.8637285904764 -13.5704912586997, 32.8637338216865 -13.5705476127411, 32.8637862303032 -13.5705429568799))",5GRJCVH7+QGR6
9786395,-13.56584787,32.86023695,44.1132,0.8214,"POLYGON((32.8602757343627 -13.5658287924893, 32.8602212028527 -13.565808293376, 32.860198168361 -13.5658669379658, 32.8602526998823 -13.5658874370841, 32.8602757343627 -13.5658287924893))",5GRJCVM6+M394
9790600,-13.56915428,32.86231856,27.6968,0.7929,"POLYGON((32.862344867425 -13.5691758425311, 32.8623402151313 -13.5691282250681, 32.8622922597842 -13.5691327090331, 32.8622969120683 -13.5691803264968, 32.862344867425 -13.5691758425311))",5GRJCVJ6+8WPR
9791154,-13.5698407,32.86667116,25.5571,0.6418,"POLYGON((32.8666963389393 -13.5698159625683, 32.8666626976331 -13.5698067907399, 32.866645989058 -13.5698654421481, 32.8666796303717 -13.5698746139788, 32.8666963389393 -13.5698159625683))",5GRJCVJ8+3M77
9794341,-13.57006935,32.86193764,7.6161,0.6293,"POLYGON((32.8619453470461 -13.5700865530081, 32.8619494078118 -13.5700545041324, 32.8619299353576 -13.5700521429077, 32.8619258745894 -13.570084191783, 32.8619453470461 -13.5700865530081))",5GRJCVH6+XQG6
9795044,-13.57094254,32.86428216,15.9438,0.6454,"POLYGON((32.8642976092235 -13.5709630645743, 32.8643021587283 -13.5709261938203, 32.8642666974322 -13.5709220063175, 32.864262147922 -13.5709588770709, 32.8642976092235 -13.5709630645743))",5GRJCVH7+JPF6
9802807,-13.57189597,32.86501774,43.1495,0.8268,"POLYGON((32.8650572196963 -13.5718794649116, 32.8650047553962 -13.5718559355453, 32.8649782566774 -13.5719124803898, 32.8650307209872 -13.5719360097616, 32.8650572196963 -13.5718794649116))",5GRJCVH8+62R4
9803211,-13.56772242,32.86031937,21.79,0.7299,"POLYGON((32.8603382471251 -13.5677466569881, 32.860337377853 -13.5676975546834, 32.8603004677297 -13.5676981800398, 32.8603013369943 -13.5677472823444, 32.8603382471251 -13.5677466569881))",5GRJCVJ6+W482
9804132,-13.5681553,32.86141362,26.0871,0.6837,"POLYGON((32.8614351904922 -13.5681804202661, 32.8614424997937 -13.5681386250371, 32.861392046355 -13.5681301806396, 32.8613847370448 -13.5681719758667, 32.8614351904922 -13.5681804202661))",5GRJCVJ6+PHMJ
9804468,-13.56905758,32.86175149,21.0972,0.7021,"POLYGON((32.8617703358809 -13.5690814065236, 32.8617684021975 -13.5690324061068, 32.8617326336378 -13.56903375697, 32.861734567314 -13.5690827573869, 32.8617703358809 -13.5690814065236))",5GRJCVJ6+9PCJ
9812698,-13.57041478,32.86469316,15.8818,0.6506,"POLYGON((32.8647082812418 -13.5704366068033, 32.8647083059584 -13.5703929655218, 32.8646780278913 -13.5703929491088, 32.8646780031691 -13.5704365903903, 32.8647082812418 -13.5704366068033))",5GRJCVH7+RVPC
9813346,-13.56913024,32.86114932,30.8621,0.8039,"POLYGON((32.8611766392007 -13.5691535165723, 32.8611734629944 -13.5691038161038, 32.8611220001335 -13.5691069636076, 32.8611251763289 -13.5691566640767, 32.8611766392007 -13.5691535165723))",5GRJCVJ6+8FRQ
9814581,-13.56969973,32.8612195,36.4738,0.8283,"POLYGON((32.8612485196286 -13.5697258508578, 32.8612438207855 -13.5696693414957, 32.8611904724623 -13.5696735868453, 32.8611951712928 -13.5697300962082, 32.8612485196286 -13.5697258508578))",5GRJCVJ6+4FH2
9816490,-13.57001144,32.86402673,19.8827,0.7523,"POLYGON((32.8640501279916 -13.5700300567502, 32.8640530527667 -13.5699970261373, 32.864003343513 -13.5699928136832, 32.8640004187311 -13.5700258442955, 32.8640501279916 -13.5700300567502))",5GRJCVH7+XJRH
9825576,-13.57045102,32.86439573,62.8705,0.7982,"POLYGON((32.8644359847323 -13.5704830367278, 32.8644329225418 -13.5704156356654, 32.8643554676754 -13.5704190033593, 32.864358529844 -13.5704864044221, 32.8644359847323 -13.5704830367278))",5GRJCVH7+RQ6W
9826966,-13.56539868,32.86056473,29.5765,0.6255,"POLYGON((32.8605974404281 -13.5653839049823, 32.8605419998531 -13.5653713324137, 32.8605320191323 -13.5654134539387, 32.8605874597161 -13.5654260265096, 32.8605974404281 -13.5653839049823))",5GRJCVM6+R6W2
9838459,-13.57015906,32.86481366,59.8219,0.7547,"POLYGON((32.8648378818344 -13.5702050348774, 32.8648464200507 -13.5701184774061, 32.8647894488508 -13.5701130991742, 32.8647809106141 -13.5701996566434, 32.8648378818344 -13.5702050348774))",5GRJCVH7+WWPJ
9839101,-13.5650937,32.86455879,43.6886,0.6228,"POLYGON((32.8645717197403 -13.5651279303096, 32.8645691848763 -13.5651036947198, 32.8645979331129 -13.5651008169751, 32.8645938953056 -13.5650622119217, 32.8645255653988 -13.5650690518492, 32.864532138055 -13.5651318924939, 32.8645717197403 -13.5651279303096))",5GRJCVM7+XR79
9839545,-13.56840616,32.86228846,19.3735,0.7486,"POLYGON((32.8623140304013 -13.5684199456093, 32.862308640643 -13.5683855288893, 32.8622628807567 -13.5683923871187, 32.8622682705086 -13.5684268038394, 32.8623140304013 -13.5684199456093))",5GRJCVJ6+JWMJ
9843653,-13.56796007,32.86121844,50.1591,0.8157,"POLYGON((32.8612493616997 -13.5679938132362, 32.8612560934638 -13.567933685058, 32.8611875108606 -13.5679263366287, 32.8611807790797 -13.5679864648047, 32.8612493616997 -13.5679938132362))",5GRJCVJ6+RF8H
9848208,-13.57191413,32.86479181,48.4368,0.8071,"POLYGON((32.8648249046654 -13.571944517445, 32.8648228294999 -13.5718817152632, 32.8647587269817 -13.5718837423198, 32.8647608021296 -13.571946544502, 32.8648249046654 -13.571944517445))",5GRJCVH7+6WMF
9851534,-13.57032812,32.86460521,17.8727,0.6098,"POLYGON((32.8646226885548 -13.5703489874736, 32.8646274687773 -13.570312188812, 32.8645877014519 -13.5703072449864, 32.8645829212235 -13.5703440436471, 32.8646226885548 -13.5703489874736))",5GRJCVH7+VR9V
9855658,-13.56968691,32.86178379,10.9106,0.6394,"POLYGON((32.8617971236432 -13.5697039193302, 32.8617971433233 -13.5696699008777, 32.8617704587726 -13.5696698861023, 32.8617704390887 -13.5697039045546, 32.8617971236432 -13.5697039193302))",5GRJCVJ6+4PFC
9859092,-13.56679865,32.86136609,55.6195,0.8236,"POLYGON((32.8613924458995 -13.5668406610767, 32.8613965185558 -13.5667593639746, 32.8613397341598 -13.5667566414852, 32.8613356614843 -13.5668379385862, 32.8613924458995 -13.5668406610767))",5GRJCVM6+7GQ4
9861281,-13.56760319,32.86127839,13.0112,0.6813,"POLYGON((32.8612970784185 -13.5676184845019, 32.8612997115594 -13.5675916709286, 32.8612597086406 -13.567587911326, 32.8612570754952 -13.5676147248988, 32.8612970784185 -13.5676184845019))",5GRJCVJ6+XG2X
